1480.7862549335696	-1081.8966082707047
1479.4813232935267	-1083.5787371769547
1478.1060791519121	-1085.3508319044486
1476.670898487966	-1087.1997088580392
1475.0926514167804	-1089.2329119802453
1473.7994385273196	-1090.8980731135234
1472.0484619641793	-1093.152101432439
1470.6861572769703	-1094.90600768663
1469.1822510267375	-1096.8414324913174
1467.842651418643	-1098.5638445978984
1466.6097412614035	-1100.1502703786828
1464.9079590352485	-1102.338380729314
1463.3387451688177	-1104.355958857108
1462.0643311056192	-1105.9951190138236
1460.267700244789	-1108.3070086603984
1458.7788086434593	-1110.223512565717
1456.945190480561	-1112.5817889343016
1455.5823975125095	-1114.3347186208703
1453.5620117693325	-1116.934083855711
1451.5107422373258	-1119.5751971374266
1450.2236328629078	-1121.2338885450736
1449.3063965339097	-1123.181154169608
1447.9204102077056	-1125.4831561222672
1445.5261230969336	-1127.285036004614
1443.8734131364617	-1129.4146746755578
1442.9840088404017	-1131.8961199885234
1440.5072021984379	-1133.752687369939
1438.8629150887718	-1135.870485224761
1437.1064453641884	-1138.133302607108
1435.7069092298625	-1139.9365252600983
1433.9580078636063	-1142.1900653019547
1432.3210449717008	-1144.2988299503922
1431.4750977067742	-1146.714357293211
1428.9858398940414	-1148.5952166691422
1427.3228760262136	-1150.7376727252267
1425.435058645322	-1153.1673602215014
1424.050293020322	-1154.9808367853984
1422.4818115747767	-1157.0422381507233
1420.788208058686	-1159.2670916672796
1420.0021973160328	-1161.5015887427144
1417.7398682137718	-1163.2723406897858
1415.9755859877332	-1165.5883807330392
1415.0045166519703	-1167.6623553382233
1412.4951172383735	-1170.1597918630578
1411.87634282402	-1172.114747918211
1409.9742432152852	-1173.471193230711
1408.4953613786492	-1175.4132098350674
1406.8394775900524	-1177.5864276075736
1404.9210205582203	-1180.1073016328737
1403.5645752457203	-1181.9550799499266
1402.6474609871511	-1184.223146355711
1400.8559570827056	-1185.6572283902206
1399.5817871604813	-1187.397706903983
1398.1477051298716	-1189.3571795569733
1396.5445557144121	-1191.5469988943078
1394.9924316907418	-1193.667116082739
1393.590454152727	-1195.5825213566422
1391.507812549593	-1198.4277362013236
1389.608032277436	-1201.023195185233
1388.956543018634	-1203.1965350280516
1386.8309326673625	-1204.795045770239
1385.38330083224	-1206.7537860013545
1384.1136475120438	-1208.4801043607295
1382.6978760279017	-1210.405275261961
1380.7022705589188	-1213.007814327255
1379.242431691615	-1214.912233270239
1377.4895020044642	-1217.1992205753922
1376.151489309268	-1218.945314324461
1374.8101807138883	-1220.6948260469362
1373.7170410653343	-1223.1387957721017
1371.3511963394703	-1225.2036151052453
1370.2039795423625	-1227.9281024113297
1367.9715576682938	-1229.602174677886
1366.534545950126	-1231.4698504554108
1365.0828857929446	-1233.387575065717
1363.8747559111216	-1234.9875506549142
1362.6599121604813	-1236.5952166691422
1361.067871145031	-1238.703004756011
1359.686279347865	-1240.529664910864
1358.1920166513883	-1242.503297721967
1356.9500732917804	-1244.144166863989
1355.6944580580457	-1245.8039569002576
1353.9497070807265	-1248.1084002624266
1352.5679932141793	-1249.931398310233
1350.9859619641793	-1252.0202654968016
1349.6875000500004	-1253.7351092472672
1347.8912354030763	-1256.1052264343016
1346.3514404804446	-1258.1362322908826
1344.7899170423625	-1260.1945819021203
1344.0897217307938	-1262.337160027586
1342.2756348155672	-1263.5069598336704
1340.837280324311	-1265.4008807316422
1338.7734375515138	-1268.1182879586704
1338.0506592298625	-1270.009645379614
1336.4090576673625	-1271.228029168211
1334.2971191917895	-1274.0046404972672
1332.6545410655672	-1276.1627215505578
1330.6160889175953	-1278.8394793644547
1329.287109426572	-1280.5833758488297
1327.722534231376	-1282.635744011961
1325.5311279804446	-1285.50903503038
1323.616333059501	-1288.020875848364
1321.5164795437595	-1290.7755145193078
1319.9722900894703	-1292.7994403005578
1318.7207031762227	-1294.4398211627267
1316.6149902839097	-1297.199098504614
1314.7890625509317	-1299.592775260564
1312.686157277145	-1302.3503436218016
1311.1981201674207	-1304.301759638358
1309.9425049332203	-1305.948610224761
1308.7639160670224	-1308.7939471378922
1306.9550781755242	-1309.8647479191422
1305.2626953639556	-1312.083375848364
1303.415405324311	-1314.5054949899204
1301.379272512626	-1317.1754168663174
1300.6419678239035	-1319.1315936231986
1298.9732666515629	-1320.3309344411828
1297.052978566906	-1322.8496112003922
1296.355835012393	-1324.9219988975674
1294.7840576673625	-1326.7125262408517
1292.9871826685267	-1328.251466666814
1291.5958252449054	-1330.1693133478984
1289.958374075126	-1332.4239520211704
1288.6098633329384	-1334.2799090510234
1286.8342285667895	-1336.7235125647858
1285.5751953628496	-1338.4561785822734
1284.7128906763392	-1340.6553973332047
1283.4050293467008	-1342.6661395197734
1281.2817383325892	-1344.2884539724328
1279.8486328633735	-1346.226320183836
1278.583740285947	-1347.9399432339706
1277.3084717292804	-1349.596681514755
1275.761596731376	-1351.5977801443078
1274.0159912605304	-1353.858766473364
1272.5627441912657	-1355.7408465496264
1270.7618408713024	-1358.0690936218016
1269.0185547372093	-1360.4046649099328
1267.2556152846664	-1362.7833270207047
1265.7855225116946	-1364.7662371746264
1264.1171875498258	-1367.0167254586704
1262.978515676572	-1369.0998553391546
1261.4802246597828	-1370.554933466483
1259.9355469258735	-1372.602662956342
1259.0836182150524	-1374.6131610041484
1256.852050830843	-1376.692384636961
1255.9060059104813	-1378.952028194908
1254.1279297372676	-1380.2994403024204
1252.723510793061	-1382.1572283864953
1250.803833058395	-1384.6943377614953
1249.486328176281	-1386.433473503217
1248.1068115744274	-1388.252809440717
1246.4433594253496	-1390.4450701843016
1245.1096191905672	-1392.201784050092
1243.7556152850157	-1393.9840106158517
1241.7277832532418	-1396.650758662261
1240.1003418469918	-1398.7894305395894
1238.0708008318907	-1401.4547137371264
1236.3059082528343	-1403.7705096416175
1234.6982422380825	-1405.8801287785172
1232.7905273937504	-1408.38525572652
1230.8475342307938	-1410.9376238947734
1229.5225830574054	-1412.6766375680454
1227.4351807145867	-1415.4151629600674
1225.3426514175953	-1418.159547721967
1223.9262695824727	-1420.015504756011
1222.9156494638883	-1422.7189959669486
1220.89062505099	-1423.9932879596017
1219.1799316908	-1426.235475456342
1217.185913137102	-1428.8494891305454
1216.3427734877914	-1430.8022479186766
1214.5878906758153	-1432.2564715524204
1212.5861816904508	-1434.8807391286828
1210.9084473153926	-1437.0784930353984
1208.9871826687013	-1439.5944842454046
1207.0775146984379	-1442.093507683836
1206.1608887219336	-1444.9146746722981
1204.1966553236125	-1445.860231317114
1202.7647705586278	-1447.7304705763236
1201.0109863792313	-1450.0222186204046
1198.9047852071235	-1452.77612487413
1197.2006836454384	-1455.0106219430454
1195.8931885269121	-1456.730348504614
1194.2613525895867	-1458.8769549489953
1192.6391602066578	-1461.012575068511
1191.3562012218172	-1462.7034930353984
1189.7532959494856	-1464.8129901052453
1187.9049072781345	-1467.2440203791484
1186.2978516139556	-1469.3573016300797
1184.507446339936	-1471.7117938166484
1182.6577148943907	-1474.1560076847672
1182.0599365731468	-1476.0712908878922
1180.3684082528343	-1477.2220477238297
1178.9376221217099	-1479.136842648033
1177.1596680200892	-1481.5155047564767
1175.6149902844918	-1483.5832537780516
1174.401123097632	-1485.2082537752576
1172.895629933686	-1487.228273310233
1171.4281006355304	-1489.2301043644547
1169.716796924593	-1491.5646990933456
1167.9849854015047	-1493.926637567114
1166.5688477068325	-1495.8580340524204
1164.94995122205	-1498.077760613989
1163.566284230561	-1500.00219909288
1162.125122121186	-1502.0054949894547
1160.4075928236125	-1504.391725459136
1158.866455129115	-1506.5330828814767
1157.3841553236125	-1508.593629756011
1155.7581787625095	-1510.8543719430454
1154.4285889189923	-1512.7027606158517
1153.6196289573563	-1514.8948992830701
1151.9125977070653	-1516.20044128038
1150.5195313011063	-1518.1373309260234
1149.2905273949145	-1519.8316668621264
1148.5341797372093	-1521.845094596967
1146.6263428245438	-1523.4683856158517
1145.9641113798134	-1525.710206902586
1143.8547363793477	-1527.2191180349328
1142.6573486824054	-1528.82202331163
1141.2867432142957	-1530.654542841483
1139.9099121603067	-1532.4932879549451
1138.0821533718845	-1534.9388445955701
1136.7741699732142	-1536.6445330735296
1135.4486084497767	-1538.3107928405516
1134.1717529810267	-1539.9195574880578
1132.4058838394703	-1542.1447772160172
1130.9974365740782	-1543.920167838689
1129.5913086448563	-1545.6926287771203
1128.2060547380825	-1547.439088740386
1126.408325247001	-1549.7011736999266
1125.130981497001	-1551.360353385564
1123.4727783711278	-1553.543092646636
1122.2546387221664	-1555.1448992863297
1120.6428223153343	-1557.239015496336
1118.912109425757	-1559.4752215519547
1117.9068604031345	-1561.583619990386
1116.6279297371511	-1563.2719744802453
1114.6408691908582	-1564.997682488989
1113.2868652857142	-1566.749269401189
1111.9381104019703	-1568.494264521636
1110.4632568877423	-1570.4029559241608
1109.2377930188086	-1571.988649287261
1107.0148926293477	-1574.8648699866608
1105.4614258324727	-1576.8751238971017
1103.2187500498258	-1579.777223504614
1100.87268071383	-1582.8136004614644
1099.5703125513392	-1584.4992694016546
1097.993164114072	-1586.54077331163
1097.2056885273196	-1588.4530047536828
1095.1196289575892	-1590.2607440128922
1093.5362549328129	-1592.310304558836
1091.8903809108888	-1594.4404315114953
1090.128418020322	-1596.7214373722672
1088.681640674884	-1598.5947283850983
1087.3220215355977	-1600.3547381558456
1085.78088383883	-1602.3497332697734
1084.2980957544642	-1604.2690447955392
1083.4929199730977	-1606.433595575858
1081.792480519507	-1607.512941278983
1080.0461426280672	-1609.7735613957047
1078.467651418876	-1611.8173846364953
1076.6517334488453	-1614.1677264329046
1074.8603516133735	-1616.486329948064
1073.120727589121	-1618.738283074461
1072.0554199715843	-1620.8941668658517
1070.2899170432938	-1622.4032000680454
1068.8453369658673	-1624.2713641272858
1067.073608448496	-1626.6156024099328
1065.5375977080548	-1628.6937274103984
1064.0153809104813	-1630.748048700858
1062.3941650894703	-1632.873781122733
1060.8890381366946	-1634.845949090086
1059.4157715355395	-1636.7777117881924
1057.8548584486125	-1638.8250750675797
1056.5645752451383	-1640.517213738989
1055.1281738784164	-1642.4001483079046
1053.6019287621602	-1644.4006365905516
1051.9208984880242	-1646.6037615882233
1050.2875977077056	-1648.744752802886
1048.7036133315414	-1650.8206805349328
1047.4200439949054	-1652.503541863989
1045.830444386229	-1654.5878924475983
1044.4335937997676	-1656.419557490386
1043.1135254403343	-1658.150270381011
1042.3364258324727	-1660.1108416691422
1040.0223389184102	-1662.0985125694424
1038.5178223156836	-1663.906129753217
1037.0766602061922	-1665.5394305353984
1035.2152100119274	-1667.5528582679108
1033.761474660132	-1669.1110858106986
1032.3332520048134	-1670.6429461576045
1030.2468262218172	-1672.842897332739
1028.8221436046297	-1674.270021358505
1027.3615723160328	-1675.7371844416484
1026.0408936062013	-1677.7688006516546
1023.9370117692742	-1679.0775164710358
1021.6706543469918	-1681.1595477224328
1020.4447021995438	-1682.8880633492954
1018.0437622586032	-1684.2728289724328
1015.9204102074145	-1686.030275261961
1014.3267822783091	-1687.347780145239
1013.0257568872767	-1689.0941180377267
1010.6263428235543	-1690.2878436208703
1008.3874512229231	-1691.8980731135234
1005.6116333520622	-1693.9038104214706
1003.059387256857	-1695.750123895239
1001.6558838406345	-1697.479005732108
999.7323608914157	-1698.221437371336
997.4008789564832	-1700.0175799536519
995.5585327657755	-1701.4300555367954
993.7908325692406	-1702.7851580763236
991.3041992685758	-1704.6890887394547
989.6647949728649	-1705.9437274090014
987.9011841326719	-1707.2969988919795
986.0922852077638	-1708.684816278983
983.6040039571235	-1710.560914913658
982.0516357922461	-1712.2014178424142
979.5955811057938	-1713.0509051443078
977.2179565932602	-1714.401124871336
974.7275391133153	-1715.4741229186766
972.4345703638392	-1716.4196795611642
970.2101440927945	-1717.340700067114
968.0872803235543	-1718.0872820974328
965.9035645042313	-1718.8463153010234
963.6252441914403	-1719.6279315100983
961.2454834490782	-1720.2226580739953
958.9724731952883	-1720.7941912799142
956.7439575713361	-1721.0537127628922
954.0110474138055	-1721.1712664728984
951.8469849139219	-1721.1263445988297
949.4475098174298	-1720.929201043211
947.698791553732	-1719.9459246797487
945.4890747576137	-1719.4057635450736
943.4633179211523	-1718.5527362003922
941.5734863798134	-1717.8562029972672
939.4154053234961	-1717.0542010450736
936.9198608895531	-1716.1268328791484
934.5333252463606	-1715.240358270239
932.4158936063759	-1714.4530047536828
930.3151245629997	-1713.6728533888236
927.6853027861798	-1712.7008074894547
925.3057861834532	-1711.7099627642892
923.3482056177454	-1710.8833026080392
920.9012451673625	-1709.8516863971017
919.1864014188177	-1708.535158075858
917.006408741232	-1707.5723895211704
914.6983643080457	-1706.1215838575736
913.2187500516884	-1704.686159052886
911.0659790547797	-1703.8421649103984
908.9174805188086	-1702.2294940114953
907.497192433686	-1700.700319206342
905.6561890149605	-1699.585695183836
903.464782766474	-1697.759279168211
901.7061768090934	-1696.191041865386
900.5857544459868	-1694.435304560233
898.664062550466	-1693.487550653983
896.2917480967008	-1691.3796404944733
894.2355957541149	-1689.552614128217
892.5443115740782	-1688.0491961617954
890.5791626477148	-1686.3042010422796
888.8237305190414	-1684.756593619939
886.5543823753251	-1682.75659362413
884.4001465353649	-1680.8648699922487
883.0850220234133	-1678.816408074461
880.6325684104813	-1677.552125848364
879.0422974135727	-1676.1514910832047
877.1571045431774	-1674.4907244797796
875.180175831425	-1672.747316277586
873.5668945820071	-1671.3238543663174
872.3366699726321	-1669.400758659467
869.6068115739617	-1667.8311785850674
867.6251831555273	-1665.9810809274204
866.1567383313668	-1664.582277215086
864.3784790543723	-1662.8916033892892
862.743652393925	-1661.3387469430454
860.6732788585359	-1659.3706072927453
859.1270142110297	-1657.8999041663483
857.2247314968845	-1656.0905779972672
856.2785034689587	-1654.058107294608
854.3648682155181	-1653.3688983106986
852.1186523955548	-1651.2302264305763
849.8873901870102	-1649.1065692068078
848.1975098163239	-1647.4136981177144
846.3617554211523	-1645.526246944908
844.6967773935758	-1643.817018425092
843.5927734884899	-1641.725343622733
840.7998657744611	-1639.8204363947734
839.2296143079875	-1638.211061395239
837.3997803244274	-1636.336183463689
835.744873098738	-1634.651124871336
833.9660645039985	-1632.8627947964706
832.2197266131989	-1631.1059588575736
830.7518311047461	-1629.629518425092
829.0482788598165	-1627.9154070978984
827.0830078630825	-1625.9362811245956
825.4829712416977	-1624.3245867881924
824.4033813984133	-1622.3251971388236
822.4157104992773	-1621.234865107108
820.4815063985297	-1619.2537860008888
818.8117676295224	-1617.5394305391237
816.8648682144121	-1615.5413836603984
815.3793335460359	-1614.0163592481986
813.3804932156345	-1611.9613055391237
811.4866943868692	-1609.9576434288174
809.5200195815414	-1607.8742694030516
807.92596440739	-1606.1864031925797
805.9204102079384	-1604.0651873690076
804.0975952654844	-1602.0247820992954
802.6410522978986	-1600.3311785836704
800.8440552267712	-1598.2449969425797
799.1678467299789	-1596.297365105711
798.3873291530181	-1594.3677996755578
796.0756836450892	-1592.8358172564767
794.3822632337688	-1590.9501971406862
792.9139404795133	-1589.3142108069733
791.0477905774023	-1587.2340106144547
789.6805420437595	-1585.7092303391546
787.9623413597001	-1583.791749871336
786.9688110864954	-1581.722291865386
785.0664063012227	-1580.5611590491608
783.5368652851321	-1578.8537615891546
781.5251465353067	-1576.607545773033
779.7830811062013	-1574.6616229191422
778.060791067197	-1572.7377947922796
776.8438110855641	-1570.4324969425797
774.369140674884	-1568.6148699913174
772.5701294452883	-1566.605348507408
769.945312549884	-1563.6242694007233
768.6130371604813	-1562.088380730711
767.6987305204384	-1560.1627215538174
765.4824219255242	-1558.483278193511
763.8720703631407	-1556.629396355711
762.1898804213852	-1554.692506707739
760.4865112815169	-1552.729249869939
759.0480347187258	-1551.0717791705392
757.2267456566915	-1548.972902216483
755.2730713405181	-1546.719118035864
754.6026001479477	-1544.7176531916484
752.6211548369029	-1543.6561297522858
750.7904663585359	-1541.5428485050797
749.013977102004	-1539.4343279972672
747.2439575711614	-1537.2359637408517
745.912780812243	-1535.5848406925797
744.1990356952883	-1533.4614276066422
742.6441040547797	-1531.5336932330392
740.8351440929109	-1529.2883319035172
739.0319824735634	-1527.0501727256924
737.5844116726657	-1525.2523211599328
736.591369678732	-1523.014406122733
734.7827148948563	-1521.771242057439
733.3914185073227	-1520.0435809241608
732.4310303230304	-1517.8841570988297
730.6814575703465	-1516.680177605711
729.2982788600493	-1514.9633807353675
728.3645020037657	-1512.8565692054108
726.663391163107	-1511.6939715510234
725.1527100116946	-1509.820070183836
723.3814697782509	-1507.6218279986642
722.5062866713852	-1505.270875848364
720.8982544452883	-1503.5035418658517
719.0734253436094	-1502.2750262399204
717.5476074726321	-1500.349611198064
716.4531250499422	-1498.0275897141546
714.3824463409255	-1496.342409051489
713.4567261253251	-1494.188478385564
711.7518311045133	-1492.9921893267892
710.4670410667313	-1491.3160418649204
709.6139526878251	-1489.2865008465014
707.4600220230641	-1487.3974627638236
705.8986816920806	-1485.3308123718016
704.4351196803036	-1483.2409686222672
703.0339355985634	-1481.2374285846017
701.1685181178618	-1478.574098504614
699.3135376481805	-1475.9271258506924
698.7021484880242	-1474.0113543630578
697.377685598447	-1472.3446063194424
695.5910034680273	-1470.6176776080392
694.3301392105641	-1468.8195819016546
693.0797119644703	-1467.0362567044795
691.8571167489281	-1465.2930926471017
690.2723999543232	-1463.0327166691422
689.0603638195898	-1461.304811393842
687.7813110867282	-1459.4801043649204
686.4815674333367	-1457.6239031939767
685.1749268096173	-1455.7576922541484
683.5778198741609	-1453.4744891319424
682.2010498560267	-1451.5531024103984
680.6259155772859	-1449.37573424913
679.3920898948563	-1447.6688250689767
678.0851440933766	-1445.8608416705392
676.2728882340016	-1443.3511981121264
675.6432495614863	-1441.382814324461
673.3803711454384	-1439.3431414742954
672.1376343291486	-1437.618654166814
670.5280762215843	-1435.3819598322734
669.2257690944243	-1433.572267450858
668.3318481945898	-1431.254396354314
666.6015625509899	-1429.9240740891546
665.2874146014219	-1428.095460810233
664.3375244654017	-1425.7463397146203
662.6939087415813	-1424.446168815717
661.3177490753005	-1422.428590692114
659.8175049330457	-1420.2310809283517
658.6498413595837	-1418.5219744849019
656.8997803248349	-1415.9598406939767
655.1926880393876	-1413.4581317068078
653.7286377459532	-1411.3121356130578
652.2427368666395	-1409.1334246760234
651.4551392114954	-1406.5581072964706
649.6678467298625	-1405.355714716483
647.8573608908919	-1402.6978778038174
646.3209839374758	-1400.407594598364
644.5045776884072	-1397.6373309260234
643.2360229998012	-1395.7041033850983
642.461853078159	-1393.173952021636
639.9405518089188	-1390.6875018253922
638.3326416523778	-1388.2388934260234
636.8471069835359	-1385.975343622733
636.0400391134899	-1383.283571160864
634.3413086443907	-1382.157106318511
632.8580322762718	-1379.899537956342
631.1874390147859	-1377.293947136961
629.9249878436094	-1375.298341666814
628.2905273936922	-1372.718751825858
626.7457886240445	-1370.1859149117954
625.4605713408673	-1367.8522967472672
624.0828247586614	-1365.3490008488297
622.9676514171297	-1363.3270281939767
622.225341846759	-1361.1508807274513
621.1167603050708	-1358.620363153983
619.9040527851903	-1356.706178582739
617.9299316912657	-1354.3276385474019
616.7179565945407	-1352.1873797583394
616.082214405993	-1350.216432488989
614.1310425307602	-1347.6149920634925
612.7216797389556	-1345.122438349761
612.2420044450555	-1343.1477069002576
610.8319702648441	-1340.948732293211
608.9345703637227	-1338.5185565152206
607.7819214366609	-1336.6591815142892
606.3488159686094	-1334.3441180377267
605.1552124538575	-1332.3884295597672
603.1645508321235	-1329.095949090086
602.0758667495102	-1327.2969988947734
600.6665649931529	-1324.9667986985296
599.3643799345009	-1322.811525264755
598.7188110854477	-1320.4378680335358
596.8309937022277	-1318.6048602224328
595.4697876482969	-1316.3032244769856
594.2987671412993	-1314.3240985069424
592.9818115736125	-1312.0942401033826
591.9534302261309	-1310.2717303391546
590.8283691923134	-1308.275026240386
589.847168020322	-1305.3739031944424
587.9750977068907	-1303.2215594416484
586.9422607920133	-1301.390748896636
585.6350098167313	-1299.071535027586
584.4763184111798	-1297.0151385427453
583.0997925316333	-1294.569948116783
581.9365234883735	-1292.501222526189
581.1433716338361	-1290.2253436222672
579.2846680202056	-1287.783937371336
577.9797363793477	-1285.4633807325736
576.8349609874422	-1283.4284686208703
576.0923462427454	-1281.370119013358
574.3710938001168	-1279.0505389329046
573.3377686056774	-1277.2208270211704
572.2564697768539	-1275.2165545569733
571.1080322762718	-1272.9874285822734
569.6415405781008	-1270.1489276080392
568.5540161647368	-1268.0438250652514
567.1198730971664	-1265.2677020193078
565.7085571798962	-1262.5695819049142
564.2739258326474	-1259.847291862592
563.2780151868355	-1257.974611202255
562.1220093286247	-1255.8247088575736
560.7028198759072	-1253.1844500694424
559.7481689963024	-1251.410036006011
558.2420654810267	-1248.6031512371264
557.2792358914157	-1245.7070330767892
555.7208252464188	-1244.1033953777514
554.7112427274697	-1242.317262567114
553.1964111839188	-1239.637819209136
551.7357788595837	-1237.0538348332047
551.0394287617528	-1234.7932147160172
549.4553223161492	-1233.0808123708703
548.3204346203711	-1231.366334834136
547.098327686952	-1229.507814323064
545.9902954610297	-1227.822755730711
544.4143677273532	-1225.4245623736642
543.3401489760727	-1222.8850115891546
541.6401978039648	-1221.2116717481986
540.3718872572063	-1219.2919940114953
538.7160645034164	-1216.7778338566422
537.0830078627914	-1214.299806510564
535.9050293485052	-1212.5126971374266
534.956054737384	-1210.1093768221326
533.3560791523196	-1208.645021355711
532.2365112815169	-1206.9455584646203
530.997131398879	-1205.0640887380578
529.5979004414985	-1202.9396990905516
528.3541870616609	-1201.0476092444733
526.7255249539157	-1198.7252215519547
525.2529297372093	-1196.6799334683456
523.4207764179446	-1194.1313494825736
521.7255859872676	-1191.7733172518201
520.0515747578465	-1189.4449481135234
518.3859253441915	-1187.128175651189
516.7662354013883	-1184.874757685233
515.4349976094672	-1183.0224627628922
514.272522022482	-1180.5577410832047
512.7293701674789	-1179.258424676489
511.22396855731495	-1177.163820182439
509.74768071464496	-1175.1081561231986
508.26754765753867	-1173.0434588580392
506.9067993669305	-1170.9874285836704
505.6914673370775	-1169.0571307339706
504.7761536157341	-1166.6380633488297
504.56793218059465	-1164.159181511961
504.6359863792313	-1162.1079119797796
504.6976318867528	-1159.6585711631924
504.7826233418309	-1157.202272332739
505.6302490741364	-1154.9766863957047
506.3449707531254	-1153.054689321667
507.17706303979503	-1150.7880877652206
508.1428833521204	-1148.6521014347672
509.3522949727485	-1146.8168963599019
510.4974670925876	-1145.0551776047796
511.8706360368524	-1142.9345721360296
512.8182983897859	-1141.1511248718016
514.0833130388055	-1139.354860224761
515.9102783708367	-1137.9257830753922
517.2556763201719	-1136.3516863957047
518.6604614760145	-1134.790651237592
520.2208252451383	-1133.1882342458703
522.2186890164157	-1131.2502459660172
523.9968872588361	-1129.655519403983
525.9649658720009	-1127.9434832697734
527.5379639182938	-1126.5766619816422
529.0725708518876	-1125.243654166814
530.6333618680947	-1123.893190302886
532.2659302265383	-1122.3211688203737
533.9524536647368	-1120.645875848364
535.8687134307693	-1118.7302264333703
536.9737549330457	-1116.923952021636
538.7964478045469	-1115.6008319044486
540.4578857927117	-1113.791383662261
542.0256348169642	-1111.8609637385234
543.6754761246266	-1109.7982195992954
544.984802298015	-1108.2237567082047
546.3092651871266	-1106.6245135464706
547.8746948756743	-1104.7348651075736
549.792724659259	-1102.4193133474328
551.10168462008	-1100.8389910846017
552.7827148935758	-1098.8079852270894
554.0933228043141	-1097.2247332707047
555.9147339377087	-1095.0225848346017
557.4091187038575	-1093.216920768842
559.2423096213024	-1091.0012225271203
560.4673462413484	-1088.876954950858
562.3324585465016	-1087.269166865386
563.7310181173962	-1085.5803240924142
565.4002686059684	-1083.56372253038
567.0685425319825	-1081.5482195951045
568.9106445810758	-1079.3225115924142
570.5653076675953	-1077.3236102242954
572.1358643079875	-1075.426271357108
573.4451294450555	-1073.8446063175797
575.4472046401352	-1071.425905143842
577.3313599134563	-1069.1495379572734
578.7284546400188	-1067.461183466483
580.5333862806438	-1065.279298698064
581.8631592297461	-1063.671998893842
582.8770752467681	-1061.612794791814
584.7871704619611	-1060.1380633478984
586.3979492693325	-1058.1911639347672
587.6753540546633	-1056.64770690538
588.7843018083367	-1054.4141863929108
590.9236450695898	-1052.4499529986642
592.3623047373258	-1050.458009636961
593.7290649925126	-1048.5648211576045
594.8944702657172	-1046.1341570988297
596.6321411639801	-1044.541383659467
598.1256714368938	-1042.4716815110296
599.2651367699727	-1040.2813738947734
600.7283936057938	-1038.8635272174142
601.9092407730641	-1037.2207049527206
602.8186646007234	-1035.4116229205392
604.3992920427117	-1033.9495867863297
605.8677368664648	-1032.0291766319424
607.116149952868	-1030.443971552886
608.5604858908337	-1028.8460711590014
610.1804199737962	-1027.0393084632233
611.8112183127087	-1025.208742058836
613.2888184105977	-1023.5327166682109
614.6472778826137	-1021.9820574880578
616.0474243678618	-1020.315370477736
617.7185059110634	-1018.3311175471172
619.048156789504	-1016.7525652991608
620.7114868678618	-1014.7767352252267
621.9996948756743	-1013.2459124699235
623.9528198740445	-1010.9253558260389
625.7152100111707	-1008.8309344402514
627.166076709982	-1007.1064471388236
628.5224609879078	-1005.4944476247765
630.2097778829047	-1003.4886492872611
631.8388672375586	-1001.5515765342861
633.5642090340843	-999.5004901057109
635.1958008330548	-997.560731803067
637.0480347179109	-995.358827510383
639.0374756378005	-992.9927386399359
640.6015015144949	-991.1324481149204
642.2218018084532	-989.2070330753922
644.0599976087688	-987.0224627628922
645.4091797381989	-985.4185809283517
646.3591919459868	-983.6489276066422
648.2747803250095	-982.0128802428953
649.1162109879078	-980.1884783864953
650.9523315930273	-978.8293475266546
652.2666016123258	-977.2429217468016
653.1851807150524	-975.079530633986
655.3670654802117	-972.9127825875767
656.7318726081867	-970.587098996155
657.602905324311	-968.3785418658517
658.5690918482142	-965.955263055861
659.2276001479477	-963.6485003591515
659.7850342309102	-960.9184588561766
660.1330566908582	-958.3957537780516
660.3619995631743	-956.0297869807109
660.4207153834868	-953.9385394216515
660.2443237805273	-951.4299945025705
660.1158447768539	-949.3466815124266
659.3482056171633	-946.9315814129077
658.867248584982	-944.3972186190076
657.8422241728404	-942.4737567063421
656.6500854999176	-940.2491473332047
655.523254444357	-938.0815447946079
653.6977539574727	-936.688905633986
651.8621826681774	-934.7572650066577
649.6860962428618	-933.1298846337013
648.4069824733306	-931.5620135460049
646.279235890368	-930.6161517258734
644.5198364771786	-929.1922625643201
643.1164551294642	-927.6354388347827
640.6776733912993	-925.981386102736
639.1118164567742	-924.6734637375921
637.1296997567406	-923.0179461631924
635.6171875509317	-921.2493304372765
633.4634399929782	-919.9559954782017
631.6391602079384	-918.432557977736
629.9149170436431	-916.9924334646203
627.9468384304782	-915.3487567063421
626.0933838392375	-913.8011492863297
624.0558472180273	-912.1003436250612
622.1104126484133	-910.4768695007078
619.6636963406345	-908.4337786841206
617.3798828638392	-906.526857290417
615.4035034686094	-904.8769549503922
613.2395020033	-903.0711688189767
611.2304077650188	-901.3944720397703
609.8236694853404	-899.5019549503922
607.7225952662993	-898.4665545583703
605.5459595244029	-896.6495379558764
603.5424194853986	-894.9595965524204
601.4876709492528	-893.1729144244455
599.5641479996266	-891.4937762375921
597.9111938994611	-890.051210318692
595.5531616708031	-888.0014056358486
593.7110596210114	-886.3998431358486
592.1925049342681	-885.0767230140045
590.0105591320898	-883.2079486018047
588.164978078974	-881.631532587111
586.4750366711523	-880.187440791633
584.6676636245102	-878.6379412785172
582.9937744642375	-877.2814959646203
581.1022339368355	-875.9335955772549
579.3370972196572	-874.675477901008
577.2539673359133	-873.1492938152514
575.5220337419887	-871.7187518249266
573.9458008318907	-870.4185809236951
572.2509155772859	-869.0239276080392
570.2050781762227	-867.3405779972672
567.8880005388055	-865.4339617863297
565.9863892103313	-863.8688983074389
563.7207031760481	-862.0040301484987
562.1493530792068	-860.7105120769702
561.0156250516884	-858.6724871713668
558.8201294458704	-857.9698504572734
556.8651733900188	-856.3605975266546
554.7670288585941	-854.6337908897549
552.9031372572063	-853.0991839533672
551.6570435072063	-851.2150897160172
549.867004444357	-849.6793231158517
547.7767334489617	-848.8782977224328
545.8710938016302	-847.3105487003922
544.1006470234133	-845.8554095411673
542.2352295421297	-844.3205584664829
540.6195068859379	-843.046571646817
538.6721802254906	-841.7799090505578
536.4338989760727	-840.5689715514891
534.2348022967344	-839.4746111985296
532.2478027841426	-838.7941912789829
529.8123169453465	-838.1453875671141
527.5790405771695	-837.5683001657017
525.1576538587688	-836.9671649080701
521.8798828636063	-836.5881976289675
519.5900269068079	-836.5749529949389
517.2007446797797	-836.7661151061766
513.6529541533673	-837.6407488943078
511.78903203230584	-838.4454974317923
509.84399419196416	-839.6170672560111
507.71926885057474	-841.049257192295
505.9801636255579	-842.2688616896048
504.0366211447981	-843.9339617853984
502.47640996344853	-845.4871234060265
501.6365967297461	-847.4110125694424
499.5417786152102	-848.3465594388545
497.9834900405258	-849.965761098545
497.2247925303527	-852.1271380567923
495.5448608911829	-853.2630633497611
494.2778015654185	-855.0882586594671
492.61706548091024	-857.4655169644393
491.3758545432938	-859.2415789756924
489.6916504424298	-861.6381854186766
488.37738042208366	-863.3800677438267
487.15390019782353	-864.997499382589
486.1330261732801	-867.0186785804108
484.0972595720086	-868.9279193063267
482.8113098657923	-870.5198382516392
481.2067566429614	-872.5097064133734
479.6822815447231	-874.4002703768201
478.28994756093016	-876.1318377628922
476.90109257912263	-877.7620867891237
475.3596191922552	-879.4646014375612
473.8389282731223	-881.1506976280361
471.72195439669304	-883.4991473322734
470.0854187515797	-885.3148211603984
468.4254150905181	-887.1557635432109
466.8611755882157	-888.8915423518047
465.3686829112121	-890.547304070089
463.53649907477666	-892.603456413839
462.6635437521618	-894.5388812199235
460.24197392794304	-896.3253192058764
458.68548589013517	-898.1159075880423
457.2279663605732	-899.8591937203892
455.7201538585359	-901.6600970407017
454.36254887946416	-903.2802142272703
452.8737488313345	-905.0569476243109
451.2230835460359	-907.0269793616608
449.5571899918141	-909.0150775108486
447.6747131856973	-911.2615985060111
445.8676453140797	-913.4179705735296
444.25024419202236	-915.3475970411673
442.1113281752914	-917.8994769239798
440.2892456573318	-920.0730609069578
437.99703984556254	-922.80682555167
436.2106628922629	-924.9370135469362
434.226196339936	-927.3029193063267
431.811279348447	-930.1817645221017
429.5357056171051	-932.8917864914984
427.31463628122583	-935.5359515356831
424.8595886749099	-938.4584979200736
424.00827031373046	-940.7560443063267
421.83673100720625	-942.0563983093016
420.7904663590016	-944.5655535832047
418.624725392845	-945.8793353196234
417.60348515881924	-948.5289935241453
415.5144653819734	-949.5835589566268
413.34039311658125	-952.175966178067
411.63919072574936	-954.2045916691422
409.3223267105641	-956.9672869830392
407.86749272758607	-958.7022112985142
406.7284851578297	-961.017518916633
404.97470097918995	-962.1511859064922
403.8572998562595	-964.8309344411828
401.8256836454384	-965.8977069011889
400.29019170009997	-967.7261981149204
398.30218510888517	-970.0936907897703
397.6872864275356	-972.4401873704046
395.46102910413174	-973.4771746783517
393.7681885273196	-975.4935931363143
391.8903198755579	-977.7305316100828
390.28723149647703	-979.6400164728984
388.5493774911738	-981.710573116783
387.0065918478649	-983.549501335714
385.32589726813603	-985.5539569039829
383.5482178234379	-987.6744403024204
381.9372559111798	-989.5942401057109
380.4626770519535	-991.3501605144702
378.72836308862315	-993.4148577824235
377.17810063716024	-995.2598895197734
375.59780888969544	-997.1403826829046
374.0830994162243	-998.9437884432264
372.4961548350984	-1000.834413446486
371.12420659489	-1002.4688738989644
369.6665649928618	-1004.2056903010234
368.3158569834195	-1005.8161639356986
366.64224248286337	-1007.8133563166484
365.2259521998931	-1009.5061663747765
363.8143616238958	-1010.9780902005732
362.1101685081376	-1012.3611468439922
360.36770634987624	-1013.5955218472518
358.44653325353283	-1014.8291033902206
356.214904836379	-1016.2138079758734
353.0492249048548	-1017.5723284841515
349.8798828625586	-1018.2404193063267
347.67453008092707	-1018.3226336613297
345.56875615369063	-1018.1073016268201
343.63949590118136	-1017.167665398214
341.23138432891574	-1016.8711566100828
339.1721497095423	-1016.2744158883579
337.04504399583675	-1015.6143817077391
334.99740605731495	-1014.7192401066422
333.27566533355275	-1013.6801165705547
331.3760071307188	-1012.4194964552298
329.50534062751103	-1011.1918353205547
326.8821716827806	-1009.3885516305454
325.4470825714525	-1007.4759539710358
323.27682500181254	-1006.2537860041484
321.64013676915783	-1004.8327044611797
319.4553528331453	-1002.9585589556955
317.21325688785873	-1001.1060198904015
315.7933350125677	-999.4672869797796
313.74050908425124	-998.2548236050643
312.2671509288484	-996.4392718435265
310.17282109637745	-995.4359759474173
308.4974365752423	-994.1107806372456
306.2170105492114	-992.3070086608641
304.6340027352562	-991.0546893272549
302.75094609579537	-989.5647601285018
300.86508183786646	-988.072694697883
298.4002075706376	-986.1447161799297
295.9328613789985	-984.2284564161673
294.08264165360015	-982.7911395193078
292.5011902368278	-981.5628069988452
290.7647400404094	-980.2138690133579
288.6417236843845	-978.5644549494609
286.9702148947399	-977.2657488966361
285.0038452662411	-975.7381610055454
283.4716797386063	-973.9506854191422
280.7356262708199	-972.4231585650705
278.5084839381161	-970.6941546606831
277.37738042115234	-968.7270526066422
274.7091980482219	-967.7447528014891
272.406646780204	-965.957399290055
271.20397954358486	-964.3264788752422
268.90347295237007	-963.2383441110142
267.82418828236405	-961.3601702838205
265.6392822783673	-960.7042254591361
263.0971985383658	-958.7302264324389
260.9482422377914	-957.0615862975828
258.28234868479194	-954.9915789738297
255.92573552427348	-953.1620501629077
253.3904114277102	-951.1939105172642
251.4307098898571	-949.6726092463359
250.1693115750677	-947.5689715505578
247.85652165685315	-946.8976458674297
245.26702885935083	-944.887147820089
243.80245976772858	-943.0398577824235
241.6578827421181	-942.084840694908
239.383224538411	-940.319032588508
238.21305852301884	-938.3622454795986
235.69322209781967	-937.4548358111642
233.38848881993908	-935.6658953782171
231.3959656271618	-934.1194476243109
229.9953613797552	-932.3635882521048
227.95079045626335	-931.4443987966515
225.63923650060315	-929.6499652038328
222.94311528583057	-927.5576800480485
220.85321050113998	-925.9313983106986
218.09066777606495	-923.7544573922642
215.53793339978438	-921.7413348308764
213.2061768079875	-919.8929461599328
210.236221365456	-917.527711790055
207.89045720326249	-915.661500851158
206.30307011911646	-914.400331416633
204.0538940941915	-912.6138323917985
203.14332585653756	-910.6256732116453
200.25495915766805	-909.6010760446079
197.83161931403447	-907.7629412752576
195.16574101767037	-905.7476214542985
193.00581364997197	-904.1137103196234
190.698394826788	-902.370729366783
188.27001958305482	-900.4266375671141
186.27848821121734	-898.7984637385234
184.13879399641883	-897.0522479158826
183.03446965501644	-895.1291522155516
180.9646301783505	-894.4634417681955
178.60166936228052	-892.5363787775859
176.7659607452806	-891.039491570089
174.76611333165783	-889.4136981149204
172.972717336379	-887.9967059302144
170.79031377204228	-886.2817401071079
168.92987065541092	-884.8574236994609
166.76409917126875	-883.1988543653861
165.03330998739693	-881.8720721364953
163.06115727784345	-880.3596819993109
161.23822026513517	-878.9605731149204
158.96990971977357	-877.2199114942923
156.91790776484413	-875.6451434264891
154.4854584246059	-873.7770403977484
152.43611150135985	-872.2020892282017
150.16148381563835	-870.4537982111797
148.0424805197399	-868.8248309297487
145.1851807156345	-866.6275653033517
143.05709843873046	-864.9920062194578
140.7633362322813	-863.2297991877422
138.01486211211886	-861.1172503586859
135.85937505075708	-859.4592303428799
133.0069580578711	-857.2635516305454
130.53338628052734	-855.3592547527514
127.57101445575245	-853.0783099303953
125.08114629017655	-851.1609515310265
123.289733937243	-849.7808856153861
120.83324437506963	-847.8884905925952
119.01782231684774	-846.4896258465014
116.3871841939399	-844.4618548550643
113.19158940634225	-841.9979876633734
111.60176854359452	-840.7723406925797
109.74620824086014	-839.3411883465014
107.28312688169535	-837.4398211622611
105.63865666673519	-836.1699847360142
103.69895177119179	-834.6701678396203
102.0276032013935	-833.3773211580701
98.72214513056679	-830.8206195039675
97.05311589536723	-829.529481805861
93.70253758656327	-826.936220088508
91.99880986637436	-825.6170672555454
88.66544347035233	-823.0351580730639
86.76834111480275	-821.5650042663328
84.53363805089612	-819.8327654986642
81.36562352546025	-817.3753680344671
77.97367863939144	-814.742799679283
75.42955785128288	-812.7684344397858
72.3326111342758	-810.3655413761735
70.23626714153215	-808.739198601339
67.22525029431563	-806.4036883474328
65.29880528780632	-804.9094866900705
62.35266118356958	-802.6247576843016
60.388176016218495	-801.1016253624111
56.93673711217707	-798.4261492867954
55.284576467005536	-797.1448382525705
51.836113027646206	-794.4679583678953
50.16602330619935	-793.1712054382078
48.263431599130854	-791.6943987980485
44.69417958508711	-788.9245623713359
43.488208822498564	-786.6892718467861
41.813575795153156	-785.1617449922487
39.83187871379778	-784.1207904000767
36.74543767259456	-782.7928485078737
34.765152029227465	-781.262208852917
33.092361502116546	-779.9669818067923
31.10056691407226	-778.4243792658672
27.986387304670643	-776.0130633478984
26.38545804307796	-774.7733172578737
24.57661633763928	-773.3723773118109
21.873424581659492	-771.2796038771048
19.972345402580686	-769.8075579772703
16.64308553142473	-767.2260760446079
14.03509907971602	-765.1901873699389
12.32542233762797	-763.8547381558456
9.437026075378526	-761.6123065096326
7.47278981632553	-760.0880145197734
6.0753798996447586	-757.7122210660018
3.3808093570987694	-756.9084490910172
1.4141248970991	-755.3801287771203
-1.2183492868789472	-753.3349627619609
-2.4397716009407304	-750.9387835604139
-5.583844610839151	-749.9468402033672
-7.948901125229895	-748.1113909869455
-11.13240427634446	-745.6416033878922
-12.376596400688868	-743.7912615914829
-14.734373041545041	-742.8482684250921
-17.315452524577267	-740.8469866886735
-20.376697488944046	-738.4748553400859
-22.507362315780483	-736.8248309274204
-25.018394419224933	-734.8806780949235
-27.858413644658867	-732.6812762394547
-29.910585353150964	-731.0916766328737
-32.00740427686833	-729.468446651008
-34.533042857656255	-727.5134295606986
-36.84489054430742	-725.7246722364798
-38.35219568782486	-724.1923846355639
-40.90721125231357	-722.5830706730485
-42.66574472945649	-721.2236956716515
-44.7369765729527	-719.6234759455547
-46.7751082861796	-718.0496234074235
-49.0328826388577	-716.3063983093016
-50.871627756685484	-714.886415398214
-53.40866083832225	-712.9273089561611
-55.06433100474533	-711.6487445035018
-57.212219187174924	-709.9905413752422
-59.02918619837146	-708.587587274611
-61.222156474599615	-706.8950823936611
-62.954498240491375	-705.5597552428953
-64.7097167460015	-704.2138690128922
-66.6008986919187	-702.7690447932109
-68.54676813795231	-701.2778338538483
-71.29419703257736	-699.1704730191268
-73.00549311412033	-697.8584612961859
-74.69599909440149	-696.5624407897703
-76.48894495714922	-695.1877459636889
-78.09961695375387	-693.9524554386735
-80.01019281946355	-692.4869403005578
-81.59842676739208	-691.2685565100983
-83.02603144390741	-689.5884417663328
-84.9696196996374	-688.6818865910172
-87.33738703402923	-686.8650530958548
-89.16551966383122	-685.4626483125612
-90.48249048925936	-683.8293475266546
-93.03798670414835	-682.4908465519547
-94.27111811295617	-680.7608660813421
-96.67107386316638	-679.7022112975828
-98.4218062836444	-678.3584002605639
-100.39716333989054	-676.8422259432264
-102.0843276475789	-675.5235003614798
-104.00638575246558	-673.6518572932109
-105.9391784168547	-671.7170428382233
-108.0271987398155	-669.9509295593016
-110.21989435923751	-668.1384295606986
-111.41250605357345	-666.326600947883
-113.72393793729134	-665.2382830725983
-115.14104456675705	-663.2745989924297
-117.58814234321471	-662.0394305391237
-119.36465448956005	-660.5696429386735
-120.90878290717956	-659.2894915710203
-122.819892831787	-657.7078875666484
-124.45336909074103	-656.3596209664829
-126.61452478996944	-654.5736712585203
-128.7363738513668	-652.8171404977329
-130.59100336616393	-651.2858294630423
-132.68975824967492	-649.5509051461704
-134.43481440132018	-648.1098651085049
-136.44873041799292	-646.4424456716515
-138.14543146709912	-645.0913714519702
-140.89530939643737	-642.9349383478984
-143.11444086680422	-641.1915911817923
-144.7369689431507	-639.9373187189922
-146.87918085744604	-638.4260272164829
-148.83950800664024	-637.0491351261735
-151.73686213139445	-634.8833026052453
-153.51959223323502	-633.5438250675797
-154.89532465557568	-631.4822405916639
-156.97048945131246	-630.953309933655
-158.8265380357043	-629.5599993863143
-160.8375091034104	-628.0505999694578
-163.02406305866316	-626.4094866882078
-164.62678522773786	-625.2063616844825
-166.2471618145355	-623.9896258469671
-168.44854731147643	-622.3360613924451
-170.4257506809663	-620.8509539738297
-171.5720519501483	-618.8123797536828
-174.04963678936474	-618.1282977233641
-176.73847956233658	-616.1084612957202
-179.17344660509843	-614.2783831721172
-181.49285883654375	-612.5352801452391
-182.88555903092492	-610.0912493830547
-185.65280146268196	-609.4086932302453
-188.42637629195815	-607.3253802456893
-191.09776301088277	-605.2659320011735
-192.78833002602914	-603.9293231163174
-194.46719355258392	-602.6026019239798
-197.0089263402624	-600.5962542667985
-198.72773737553507	-599.2399310264736
-200.37388605833985	-597.9410418635234
-202.59109492000425	-596.1912860022858
-203.8462829075288	-594.6228655953892
-205.77726740587968	-593.7105120802298
-208.07194513932336	-591.9335955744609
-210.53430170629872	-590.0259417644702
-212.35070795705542	-588.6187762380578
-213.97862238564994	-587.3576678438112
-216.2469329313608	-585.6000994825736
-218.4861602265155	-583.8658465533517
-220.73097223910736	-582.126649774611
-223.50660700403387	-579.9751605158672
-226.2825622058008	-577.8225115919486
-228.69772333686706	-575.9490374699235
-231.43121332791634	-573.828554070089
-233.1460723359487	-572.4983538738452
-235.12228388356743	-570.9649676438421
-237.12306208268274	-569.4121722360142
-239.46626276744064	-567.5925921555609
-241.4631347138784	-566.0347308279015
-244.4761504625203	-563.6753558283672
-246.52690119319595	-562.0765399090014
-248.45597834209912	-560.5755633478984
-249.51942438830156	-558.7509783902206
-252.6053161105956	-557.3454608065076
-254.96034235553816	-555.5112322960049
-256.7651977034984	-554.1047381521203
-259.31588740070583	-552.116640006192
-260.7716063935077	-549.7886370802298
-263.05117792706005	-549.2081317072734
-264.7134704073542	-547.9137591500767
-266.62826533068437	-546.4216937194578
-268.6086120092659	-544.8781756558456
-270.5361022440484	-543.3754290705547
-273.6669005845906	-540.9350604186766
-274.71490473358426	-538.8385638361797
-277.7663878892199	-537.740175163839
-280.57293696090346	-535.5524920588359
-281.51687616913114	-533.3056658846326
-284.41644282080233	-532.5571917672642
-286.3618163559586	-531.038759151008
-288.83218378713354	-529.1093157897703
-290.4805297352141	-527.8219622741453
-293.040740916098	-525.8248309269547
-295.87670893385075	-523.612001337111
-298.72293085762067	-521.3892230158672
-300.1889953109203	-518.8800677428953
-302.9447020976804	-518.0915545606986
-304.66430658998434	-516.7472552456893
-307.2923888650839	-514.6926898104139
-310.4027709461516	-512.2611102247611
-311.81451410998125	-510.1984271174297
-314.53189081832534	-509.03109923843294
-317.77609247883083	-506.4917010460049
-320.3689269514289	-504.46151916030794
-322.1175231427187	-503.0912188659422
-325.1553954576957	-500.7084979186766
-326.84851069014985	-499.3798846397549
-328.4545287571964	-498.1194781437516
-330.07501215697266	-496.8475665235892
-331.7642821758054	-495.5214556842111
-334.9795836901758	-492.9964007511735
-336.6428222156828	-491.68930236203596
-340.11221308266977	-488.9606951843016
-341.5398559048772	-486.29382506897673
-343.4999083967414	-485.15262023406103
-346.7963561497745	-483.69607726251706
-348.5964660141617	-482.2760333176702
-350.4011535124155	-480.85104552842677
-352.1622924293042	-479.4603900080547
-354.25903315271717	-477.80615416681394
-357.49353022139985	-475.25744811305776
-361.2625731921289	-472.2876910343766
-364.17327875766205	-469.99377624038607
-366.0721740218578	-468.4966754084453
-367.4333495579194	-466.0448931804858
-370.8074950668961	-464.7702960106544
-372.4707030741847	-463.4827899108641
-373.85400385421235	-460.9264239440672
-375.78417963691754	-459.7089861994609
-379.2822265122668	-458.2258013864048
-380.8206176251406	-456.0152911315672
-384.0376281228382	-454.5509967021644
-385.6318969207932	-453.3197955233045
-388.3893737285398	-451.1890887385234
-390.32614130695583	-449.6907672090456
-392.1239928685827	-448.29928771499544
-394.91241450048983	-446.14245787868276
-396.6078185525839	-444.832216182258
-398.19967646326404	-443.602479851339
-399.8161925758468	-442.35406676633283
-402.67987055366393	-440.1421527042985
-404.6939391588676	-438.586610712111
-407.2315062964335	-436.62719909194857
-409.00003046594793	-435.2617205781862
-410.6459655262297	-433.991151727736
-411.9205932096811	-431.8632220365107
-414.6179198704194	-430.924409782514
-416.22985834651627	-429.6795367402956
-419.31311029952485	-427.29797545820475
-421.4698485820554	-425.63195983180776
-423.32885737135075	-424.1959857130423
-424.92535395303275	-422.96267882874236
-427.0309142562328	-421.33654967555776
-428.5804442852386	-419.2575396639295
-431.4840392548358	-417.90030089672655
-433.8584899386624	-416.0690936194733
-435.542297312757	-414.7702654968016
-437.5053405240178	-413.24963561212644
-438.8842162565561	-411.3656939663924
-440.856445260928	-410.66778747038916
-442.70285029156366	-409.24011413007975
-444.9039000949124	-407.54446593346074
-446.7242431124905	-406.1470355158672
-448.52355951815844	-404.7665118337609
-450.3487243143609	-403.3665179372765
-452.06903071067063	-402.0444964533672
-453.9837340808008	-400.57293883757666
-455.6039428206277	-399.3291033869609
-457.4197082001483	-397.9353961115703
-459.12561030022334	-396.63205138547346
-460.9128112286562	-395.2717303391546
-462.8699645495508	-393.77798644360155
-465.0244140116265	-392.1318377624266
-466.9209899395937	-390.68371764663607
-468.7710265610367	-389.2718524131924
-470.45581049472094	-387.9467486529611
-472.5039367155405	-386.0045489454642
-474.0660094701452	-384.5009783883579
-475.5000304671703	-382.4271563682705
-477.6239318336593	-381.0854205293581
-479.3008117172867	-379.47796813072637
-481.5445250949706	-377.1313189622015
-483.5349120592	-374.81491271499544
-485.0187072237022	-373.03637877991423
-486.07431025232654	-370.6733416682109
-487.21823115082225	-368.8492755051702
-488.7890929673449	-367.0823077345267
-489.751525826985	-365.32104674819857
-490.68643183313543	-363.28766051633283
-491.5611571758636	-361.40130798052996
-492.42291254585143	-359.54644957743585
-493.3070678189397	-357.64865294937044
-494.10491938283667	-355.63250915380195
-494.90069575072266	-353.4977435236797
-495.8890075167292	-350.73663512337953
-496.34704584639985	-348.7306536799297
-496.4737243136042	-346.64514342788607
-496.8135070290882	-344.5922564640641
-496.9352721661562	-342.3562640310265
-496.9934386697714	-339.6098651071079
-496.83267206762685	-337.5096148629673
-496.5656432592077	-335.2941302442923
-496.18557734042406	-333.1897601247765
-495.5102233381476	-330.2783831730485
-494.67767328815535	-327.5645159878768
-493.71136469452176	-325.3997210636735
-492.45300287840655	-322.87375060329214
-491.5301513171289	-320.40185729507357
-489.9874572250992	-318.6816119304858
-488.7116088352632	-316.73977843951434
-487.7185973606538	-314.08166686538607
-486.52761835686397	-312.44192687468603
-484.70425409963354	-310.60690490109846
-483.1742248032242	-308.6056841984391
-481.47189325944055	-306.42794982669875
-479.9895019023097	-304.6686724801548
-478.63195795740467	-303.13403502851725
-477.0482177223312	-301.4633502163924
-475.5706786606461	-300.0313738929108
-473.0401000457932	-297.8201922532171
-471.5067138162558	-295.70172301726416
-468.86975092603825	-294.5664080758579
-467.1307677703444	-293.30041686678305
-464.46014399209525	-291.55591003084555
-462.9804076628643	-289.93194762663916
-460.3895568329608	-288.9160479661077
-458.56857294682413	-287.7359027033672
-456.86370844440535	-286.6316241393797
-455.0970458473312	-285.48581115109846
-453.08786005643196	-284.1956805344671
-450.4577025853796	-282.5284136910923
-448.12918085604906	-281.0515765300952
-446.19891352328705	-279.8275775136426
-444.31738276034594	-278.6350726247765
-442.2441405750578	-277.32165710022673
-440.23818964738166	-276.05121032334864
-438.04489130625734	-274.6622027573176
-435.944976754894	-273.33120910357684
-433.70492548588663	-271.9116839566268
-431.11538691126043	-270.2722796583548
-428.8353881314979	-268.82937804609537
-426.2066039526835	-267.16592589905486
-423.84085077862255	-265.6696490426548
-421.35952753655147	-264.0998553442769
-418.481597848644	-262.27774230297655
-416.28167719446355	-260.8847674522549
-413.9252929169452	-259.39315978391096
-411.81594843626954	-258.0576190119609
-409.50949091499206	-256.59503356553614
-407.4198302709847	-255.27443114761263
-404.99557490088046	-253.74235717160627
-402.831939645228	-252.3744372483343
-400.92318720556796	-251.16786376433447
-398.82342524116393	-249.8405169644393
-396.85934443055885	-248.59913817513734
-394.5412291974062	-247.13469115598127
-392.58444208849687	-245.89874450257048
-390.3781127418624	-244.50515929516405
-388.6246032206109	-243.39802734041587
-386.7257689910475	-242.1995257497765
-385.0257567850058	-241.12654296169057
-382.89993281138595	-239.7841815170832
-381.0787047825288	-238.6341265840456
-379.4803466295125	-236.96208373410627
-377.4945373022347	-236.37112609297037
-375.60733027145034	-235.18046752549708
-373.8146666964749	-234.04983703186736
-371.65423578821355	-232.6875781188719
-369.8269957982702	-231.5350054888986
-366.9939879857702	-229.74859801586717
-365.36373896256555	-228.02324096113443
-362.70501703803893	-227.0475787310861
-360.9219665018609	-225.92302123783156
-359.0505675766617	-224.73732177214697
-356.80944819084834	-223.31805602787063
-354.75970453966875	-222.02266112808138
-353.0188903295784	-220.91971007734537
-350.9342345687328	-219.59858886012807
-349.12011713709217	-218.44890014175326
-347.1320189918624	-217.18828002363443
-345.46276850334834	-215.83606139570475
-343.0081786599476	-214.5717639089562
-340.98184198967647	-213.28706542449072
-338.69885248848004	-211.83975402312353
-336.59573359251954	-210.50612060166895
-334.83822626806796	-209.39146605879068
-333.00482172647025	-208.22897521359846
-331.13772577903	-207.04626647382975
-329.296935984632	-205.88578978879377
-327.10415644402383	-204.50786010129377
-325.19512934354134	-203.3000964280218
-323.0812377415132	-201.9611071702093
-320.25045771256555	-200.17318907938898
-318.5204467268195	-199.080095206853
-316.5908812970738	-197.8579577584751
-314.3203429655405	-196.41795531567186
-311.9281310532242	-194.90124694257975
-309.9255675757304	-193.63205138780177
-307.61724848358426	-192.16977111110464
-305.5363158674445	-190.85148803004995
-303.0858458970906	-189.29950133617967
-300.2661742649507	-187.5136889591813
-297.27368159010075	-185.6177539024502
-295.30270380707225	-184.3688525352627
-293.92916865006555	-182.44349852809682
-290.7890319307917	-181.50987426331267
-287.9891967267031	-179.73707763198763
-285.4370421850472	-178.12431518081576
-282.2743529753061	-176.26645080000162
-279.590331979678	-174.71234313724563
-276.5536498512374	-172.95039550261572
-274.1553649401758	-171.55813781078905
-271.58956904162187	-170.06877318723127
-269.2419127909234	-168.70613280450925
-266.3739013169543	-167.04159728158265
-263.88058466499206	-165.5970629826188
-261.54522700002417	-164.14473143965006
-259.1997374986531	-162.6477374183014
-256.64471430471167	-160.99196044681594
-254.58052057924215	-159.65168945025653
-252.37916559859877	-158.223085321486
-250.3320464589633	-156.89105407334864
-248.03161616052967	-155.46284667402506
-246.1518401580397	-154.30531493760645
-243.70025629724842	-152.79301635408774
-241.5029143783031	-151.43686095485464
-239.42665095091797	-150.15558044007048
-237.1349944564863	-148.74157897382975
-234.54702753585298	-147.14485350670293
-232.45947260421235	-145.85652343090624
-229.7340239973273	-144.17447081860155
-227.43072504654992	-142.7530688433908
-225.7049712629523	-141.6881426940672
-223.47602839162573	-140.31259337859228
-220.68232721916866	-138.5881976261735
-218.06080622260924	-136.9701861529611
-215.61434931482654	-135.46078673796728
-212.94462580431718	-133.81389037286863
-210.47387690318283	-132.28958312608302
-207.932464548212	-130.7215441823937
-205.05262751184637	-128.94491759734228
-202.86569208779838	-127.59607879118994
-200.17262263060547	-125.93535796366632
-197.83979792206082	-124.49682036787271
-195.11935419758083	-122.81942168530077
-192.8284759010421	-121.40693847322837
-190.0052642300725	-119.66617003688589
-187.43699640838895	-118.08256713068113
-184.4846038314281	-116.26233855681494
-182.05366511037573	-114.76355163240805
-179.45906061813002	-113.16365233901888
-177.51292414369527	-111.9636630192399
-175.1081389861647	-110.48027984052896
-172.53593439754331	-108.89307585917413
-169.7152251676889	-107.15282622491941
-167.5125579329906	-105.79430571896955
-165.14320368354674	-104.33333007013425
-162.26187128794845	-102.55684844357893
-160.32563776685856	-101.36242095567286
-158.5638274634257	-100.27527800993994
-156.6700133769191	-99.10708800889552
-153.77124018291943	-97.31990233901888
-151.63526911498047	-96.00325194979087
-148.9477996310452	-94.34642211254686
-146.29765314795077	-92.71187011199072
-143.8035277808085	-91.17293731216341
-141.59628290781984	-89.81118193920702
-139.31640619796235	-88.40531340846792
-136.73004145215964	-86.81102172518149
-134.10450739599764	-85.19297210220248
-131.98832697595935	-83.8886660723947
-129.23173517914256	-82.18898192699999
-126.39694971684366	-80.44082824187353
-123.58632654894609	-78.70717040169984
-120.92305750597734	-77.06558409705758
-118.76775354996789	-75.73755065212026
-116.00807947776048	-74.03518859483302
-113.25533289508894	-72.33697692351416
-110.16872400970897	-70.43328277068213
-107.7224502058234	-68.92421142198145
-105.17761225439608	-67.35379974078387
-103.21142572950339	-66.14058867935091
-100.92801661096746	-64.73177520232275
-98.92472071223892	-63.49570265877992
-96.44279474834912	-61.964223782066256
-94.47969813132659	-60.752748407423496
-91.90425104775932	-59.163118281867355
-90.28554529801477	-57.43213454587385
-87.88924402871635	-56.68478194484487
-86.10647577856435	-55.58444396127015
-83.29374689690303	-53.845498953945935
-80.8991164645413	-52.29329863982275
-79.14846033672802	-51.15054503688589
-77.08074183092685	-49.802266993094236
-75.36845392809482	-48.686647333204746
-73.07431788020767	-47.19219008740038
-70.69898218777962	-45.64481917722151
-68.19065088935895	-44.01084700971842
-65.53102106635924	-42.278329766355455
-63.39134974125773	-40.88452330743894
-61.09830088389572	-39.39085952192545
-59.17083735059714	-38.13529769284651
-56.756462046527304	-36.562295832205564
-54.68046946229879	-35.209417262580246
-52.4390143842902	-33.753465570975095
-50.25815195648465	-32.34772292571142
-47.64059824642027	-30.663663778919727
-45.60662455204874	-29.355054773855954
-42.899696298583876	-27.6155890612863
-40.47702784149442	-26.058708108961582
-38.06995386705967	-24.51243583019823
-36.33075708983233	-23.396058950573206
-34.30833048600471	-22.098098676186055
-31.248458810849115	-20.125684654340148
-28.246770807541907	-18.193775095511228
-25.67822069802787	-16.539184489287436
-22.930787989520468	-14.769743837416172
-21.166803308180533	-13.633519089780748
-18.451000162633136	-11.883363640401512
-15.653351733926684	-10.079979815520346
-13.612787194957491	-8.765204346738756
-11.91837877954822	-7.673492349218577
-9.198856301954947	-5.921717085875571
-6.8272380323614925	-4.255607041995972
-4.175344892428257	-2.3373936801217496
-1.998515077168122	-0.7693173680454493
-1.0454076023888774	1.0706441020593047
1.4953737759497017	1.913780533708632
3.7019622838124633	3.734782064333558
4.500349096080754	5.606763443443924
6.7675452751573175	6.252700887154788
8.523198178445455	7.694879613816738
10.802675297716632	9.567663271911442
12.425717404985335	10.900909504853189
14.236590436194092	12.388492666184902
16.43459134513978	14.194115718826652
18.978805592050776	16.28941162629053
21.36077313788701	18.28367432486266
23.309465459780768	19.915771569125354
25.31607442162931	21.595941625535488
27.641475727432407	23.543111882172525
29.992637684452347	25.51153763430193
32.001113943522796	27.193050465080887
34.03456120786723	28.89586838381365
36.74505238956772	31.165985191706568
39.31314473383827	33.31674775108695
41.42663197789807	35.09680374711752
43.43159871408716	36.81379898637533
45.03986745205475	38.193281257059425
47.04532628407469	39.9129658578895
48.22405629581772	41.61104401247576
50.67179112706799	43.0192280667834
51.46040730801178	45.08749970048666
53.875251820427366	45.76351364841685
55.15062337194104	47.92719467962161
57.65699773124652	49.003492437303066
59.846576740616	50.879285897128284
61.613884023041464	52.39333161432296
63.780773214646615	54.24977310746908
65.39042668719776	55.62887009140104
67.47792058356572	57.41741379490122
69.18842320796102	58.883062444161624
71.84593968617264	61.160150612238795
75.04544072441058	63.90174301667139
76.01206212304533	66.01470001740381
79.07447057089303	67.35425385087729
80.52487950550858	70.09729584213346
83.6519165552454	71.2760525578633
86.7237930810079	73.90828522248194
89.66463475540513	76.45985230104998
91.17649083444849	77.82159241335467
93.81925206596497	80.21237763017416
95.32360844896175	81.57236298173666
97.8668442274211	83.86981019051746
99.28755956015084	86.54092224687338
102.44477086432744	88.0041485670954
104.03314214048441	89.43882569111884
104.8370667011477	91.83192261401564
107.8451004527742	92.88297852221876
110.53812413429841	95.31557282106951
112.11323552549584	96.7382870526053
114.68968205770943	99.06565674580634
115.82898717309581	101.05821808706969
118.44072728400351	102.45403107209131
120.9290161646204	104.69563874229789
123.42875676427502	106.93887909455225
124.548851064872	109.22331818053499
127.35124211537186	110.47634705109522
129.20515447075013	112.15337952272967
131.73283391358564	114.4434948824346
133.1227264914778	116.55877503193915
135.15391545684543	117.53569611348212
136.47348027507542	119.45473297778517
139.6493988542352	121.60131653537974
141.4239655052079	123.20708283223212
143.8400574249681	125.39331635180861
145.55281071993522	126.94264038652182
147.72741704288637	128.90928467409685
149.75631718919612	130.74401672696695
151.61499028588878	132.4250317439437
153.8161774192704	134.41567810438573
155.63630681391805	136.06115540163592
157.5439301042352	137.78533752961084
159.26872258610092	139.34451111312956
161.16224675439298	141.056699836161
163.92431645805482	143.55431946413592
166.48684697563294	145.784330453258
168.36289983108873	147.11627014633268
170.88951116031967	148.89034851500764
173.76412968925433	150.9162274254486
175.56304936739616	152.00654419651255
177.43905644793995	152.86091431137174
179.4859009302454	153.7455426105298
181.34094243322033	154.56176575599238
183.28634648612933	155.32481201877818
185.47848515881924	155.8973980783485
187.6018372082617	156.35041626915336
190.38563542766497	156.86697205202654
193.44175725302193	156.93827637238428
196.574020437547	156.84589966665953
199.39280705712736	156.2943096975796
202.2698059597751	155.59011658187956
204.34120183251798	154.80065735429525
206.33450322435237	153.87263306276873
208.59620671498124	152.83836182020605
210.62060551997274	151.91271789977327
212.44937138876412	151.07082947250456
214.68655400641728	149.81063660047948
216.57756047637668	148.72868164535612
219.0692902126466	147.31098755449057
221.61672978673596	145.87077149003744
223.8775482691126	144.58814820135012
225.69740300555713	143.53484924556687
227.73133855103515	142.35978516144678
229.55451970366994	141.29946716828272
231.81840520288097	139.96070679230615
233.96604924625717	138.69579895678908
236.24649052834138	137.2956524733454
238.53881840989925	135.88010986801237
239.90232854301576	134.3926983680576
242.45803838182474	133.46125610964373
244.18183904106263	132.39713867614046
246.30143742798828	131.08834656421095
248.0627594506368	130.00080688949674
250.04933171672747	128.77453430602327
252.46426396688912	127.28411682322621
254.44213872309774	126.0635891794227
256.7605286159087	124.63305481523275
258.83969121216796	123.35010345745832
261.24642949498957	121.8650875929743
264.0384827168309	120.14207276375964
266.46109013911337	118.64708526944742
269.08044438716024	117.03082856023684
272.2249756366946	115.09096344187856
274.84579472860787	113.47469147434458
277.7801514187595	111.66571625182405
280.51300053839805	109.98131378833205
282.351226856641	108.84784516086802
284.0025330100907	107.01114472048357
287.31362920143874	105.78748138947412
288.52359013888054	103.99462708085775
291.5120544936508	103.199224550277
293.3532410184853	102.06371124787256
295.42007451469544	100.78845032304525
298.25857549050124	99.03735931962729
300.21401982719544	97.83125122822821
301.41986088990234	96.00703247310594
305.0406494647614	94.87659271853045
307.87442021700554	93.16906556067988
309.74838261969853	92.03993042558432
312.5378113295301	90.35854920186102
314.35906987427734	89.26084717363119
317.04147343925433	87.64382751844823
318.8320313016884	86.56400879472494
320.32693486544304	84.97994049731642
323.21154790348373	83.92120179021731
325.8718567400938	82.31619843188673
327.0777893564664	80.4179974407889
330.13146977714496	79.73946198169142
333.36611943494063	77.7424755920656
335.8382874040399	76.22164734313264
337.56472783430945	75.16664704168215
340.05148320586886	73.47848328296095
342.6858215830289	71.53934296127409
344.9750366716762	69.85275086108595
346.19940190552734	67.78059967653826
349.13119511841796	66.79886444611475
351.6510010275524	64.94829376926646
353.9346313982387	63.27076538698748
356.44805913296295	61.42320450535044
358.54916386900004	59.87838562717661
360.94046025478747	58.124685367103666
363.1643677272368	56.66446884954348
365.93643193657044	54.901166999246925
368.2369690457126	53.43189438665286
370.9196777854813	51.716123663820326
372.7830200709286	50.524763191118836
374.85821538360324	49.20775421708822
376.24246220866917	47.638467871584
378.2629395034164	47.077013096772134
380.72662358538946	45.534113015048206
382.9344788104063	44.1516285748221
385.4128723664908	42.59802826773375
387.2780457052868	41.451253972481936
389.37258916150313	40.16734512941912
391.18170171102975	39.05768402758986
393.5779724624008	37.58781250426546
395.78164677950554	36.2364102229476
397.80755620414857	34.993845069780946
400.45690923085203	33.36870011081919
402.86666875123046	31.890764316543937
405.14593510946725	30.492748340126127
407.67990117392037	28.936861121095717
410.05087285430636	27.479532323777676
413.05184941517655	25.635896765161306
415.81167607556563	23.940078815910965
418.95227055920986	22.011724553536624
421.43917851673905	20.484344564843923
423.16851811821107	19.422123039141297
426.47778325434774	17.38954361481592
429.81884770758916	15.338052830658853
432.36947636923287	13.772304618731141
434.15090947487624	12.685826383996755
436.7323303729063	11.13333996385336
438.49664311809465	10.073126874864101
439.9566650907509	8.11968048941344
442.7121887708199	7.535268863663077
445.24548344808863	6.007827360648662
448.35592656378867	4.133351407479495
450.1326904812595	3.0632813782431185
453.2779541525524	1.1683214521035552
455.9333801782923	-0.4317689905874431
457.6502380883321	-1.4664467950351536
459.21356206340715	-3.5180772892199457
462.2903137720423	-4.263618864584714
465.97430425114	-6.484750188887119
468.83288579352666	-8.208549418486655
470.74829106696416	-9.363536752294749
472.5097961942665	-10.42579642497003
475.79818730673287	-12.409018433187157
477.6140137219336	-13.504236140754074
479.7598877456039	-14.798864282201976
481.4611816916731	-16.5774382725358
484.8676147975493	-17.880481636617333
487.6997376001673	-19.5878409515135
489.6806335954461	-20.78161994088441
493.2323914093431	-22.922399438451976
496.5468750511063	-24.920267020352185
498.52929692558246	-26.11631766613573
501.10110478743445	-27.69927398348227
504.0726318875095	-29.535140911117196
506.4034729512641	-30.975013652350754
508.56942754157353	-32.31280318694189
511.0263062029844	-33.83169356547296
513.492553760705	-35.35088149365038
516.6179810083704	-37.03128997143358
518.0142822768539	-38.564981380011886
521.0447998545133	-39.240484153386205
524.6255493661156	-40.90089217713103
527.5736084481468	-42.18791381502524
530.1145020033	-43.29898253688589
533.1771851102822	-44.67201797105372
535.7266235856805	-45.86870757583529
538.8538818862871	-47.342798149678856
541.3924561045715	-48.732278742361814
544.1055298360297	-50.36234084703028
546.7899170424789	-51.96826735930517
548.8394165556529	-53.19126311643049
551.7329712421633	-54.91881362022832
554.2567749536247	-56.42623320687562
556.5379639182938	-57.78883162746206
558.7952271014219	-59.137109676841646
561.1193848174298	-60.525270380079746
563.5859985856805	-62.00902358582243
565.9572144063422	-63.53805342968553
567.7196045424789	-64.6803683382459
569.6854858909501	-65.95492736250162
571.4113770044642	-67.07440367899835
573.0954590346082	-68.16672698361799
574.788635305129	-69.26511565595865
577.1314087419305	-70.78553191525862
578.9188843274023	-71.94593230821192
580.9968872581376	-73.29498473601416
583.3961792499758	-74.8523425241001
585.6433105969336	-76.31093017198145
587.4844360861462	-77.50640288600698
589.8922729992191	-79.03644744399935
591.8615723155672	-80.27764311991632
593.9044800319243	-81.56514922203496
596.132385303732	-82.96844665054232
598.1914062999422	-84.26638213405386
599.9121094250586	-85.3400744581595
601.9978027844336	-86.52988616423681
604.2257690939005	-87.80668059922755
605.9889526867773	-88.81738463975489
607.7595825694152	-89.83223906857893
609.8477173356805	-91.0279177785851
611.6323853036156	-92.0704898010008
613.894653371477	-93.39138213545084
616.2170410670806	-94.74678222183138
618.1278076670715	-95.8619784489274
620.9055176289985	-97.48372069792822
623.8103638211032	-99.18034545471892
625.6542358907755	-100.25390807585791
627.3948364764219	-101.31720153288916
629.3239136249758	-102.50478545948863
631.0517578632571	-103.56674376642331
633.0962524922797	-104.8230914240703
634.7710571801872	-106.59955779276788
637.0871582543477	-107.2757205166854
638.7935181180947	-108.32460967451334
640.7866821800126	-109.55017272103578
642.9181519061094	-110.86086455965415
645.0783081555855	-112.18950835475698
647.7229614773532	-113.8168200631626
649.9205933124758	-115.16909972950816
651.8154297372093	-116.33479491714388
654.0650635276688	-117.71838561445475
656.3211670418968	-119.10550872050226
658.1430664560758	-120.22538939956576
660.3750610859133	-121.59720793971792
662.1298218278098	-122.67595091974363
664.0983276868938	-123.88549224333838
665.5828247567406	-125.37169829802588
668.1221313992864	-126.35770598752424
670.2380371593754	-127.65861693629995
672.4793701677117	-129.0360125680454
674.4697266125004	-130.25909606274217
676.6728516129078	-131.65234557539225
678.4780884300708	-133.0981616145
679.9252930195071	-134.9377917428501
681.8063355003833	-135.7572497492656
683.7003784677945	-137.27238646987826
685.4707031759317	-138.76709166867658
686.9610596211278	-140.4543322706595
688.7389526868938	-142.50377074582502
689.9597168476321	-144.3428515549749
690.6702271011891	-146.58625975903124
691.5674438979477	-148.44314757734537
691.8516846208367	-150.65033141477033
691.9768066918477	-153.16050902521238
691.9474487814587	-155.748308098875
691.641113332822	-158.4297198439017
691.1608276865445	-161.08209411008283
690.4985962431529	-162.971376335714
689.8013306167559	-165.3987750178203
689.0664673364954	-167.325624383986
687.5051270048134	-168.87339965207502
686.2805786642712	-170.47715941583738
684.3546143075218	-172.2793597355485
682.8458862816333	-173.62759581767023
680.9860230005579	-175.30836669309065
679.5201416525524	-176.71707335906103
677.7035522961523	-178.4994677710347
675.8584595236462	-180.54460326349363
674.6882324715843	-182.65670958906412
672.7868652858888	-183.92769042635337
671.0408936060267	-185.87779418379068
669.5162964373594	-187.58740417053923
668.1717529802117	-189.0959185725078
666.4256592295133	-191.0580157423392
664.9713135272614	-192.69217101251706
662.9369507342926	-194.97961608320475
661.3088989766547	-196.8114489670843
660.0504150887718	-199.23277465533465
657.5294800319243	-201.08966246899217
655.6968994658673	-203.19696227414533
654.285888723447	-204.8191546560265
652.7124023942742	-206.62822142941877
650.5661621608306	-209.09585754014552
648.1849365751841	-211.83386412728578
646.8068237814587	-213.41588012035936
645.1230469263974	-215.3513201875612
643.6389771024697	-217.05648986203596
641.6665039574727	-219.32332030683756
639.9684448754415	-221.27552978042513
638.1634521990782	-223.3530291710049
636.8074951689923	-224.9148120060563
635.2177734877914	-226.7468737717718
633.7603760283673	-228.42489806190133
632.0648193875095	-230.37443725159392
630.5870361826383	-232.0747546311468
629.1197510282509	-233.76518432144076
627.4971313984715	-235.63252441212535
626.0207520042313	-237.32962218485773
624.4201050321572	-239.16736022476107
622.9633789559593	-240.8251208430156
621.3691406747093	-242.57528869109228
619.3580933130579	-244.78930846508592
617.7789307137718	-246.37211791193113
616.2438965349575	-247.69995299959555
614.6055908718845	-249.1256121774204
613.092773489363	-250.44526854902506
610.7004395039985	-252.52986327651888
609.1387329600984	-253.88879577210173
607.428649952577	-255.42842284450307
605.9868164561922	-256.91183654312044
604.397949268634	-258.5479144230485
603.0668335462688	-260.06854430306703
601.6571655791486	-261.7132891798392
599.8858643080457	-263.8620623704046
598.4879150887718	-265.5754107576795
597.308044484118	-268.0588397150859
595.3607178241946	-269.40472594462335
593.7523193868692	-271.37399474391714
592.461364796909	-272.9545001150109
590.9817505394458	-274.7653826829046
589.4971313975402	-276.5821246281266
587.8223877457203	-278.6314715510234
586.0263062035665	-280.82898131525144
584.0003662620438	-283.3079852242954
582.435424855561	-285.22216979274526
581.6131592309102	-287.5692462096922
579.0308228047797	-289.3864153986797
577.3220215343172	-291.47567931516096
576.4644775891793	-293.87338439095765
573.7653809097246	-295.821382438764
571.8904419450555	-298.11129943374544
569.8248291529599	-300.6331500215456
568.199707082822	-302.6177996764891
566.4046021011309	-304.81155578047037
564.8530884297215	-306.7080096383579
562.9321899928036	-309.05517760803923
561.2546997583704	-311.10504332976416
559.7311401866609	-312.9667987008579
557.9031982938759	-315.2007464542985
557.3079224132234	-317.1558245792985
555.4776001477148	-318.1626605167985
553.8928223173134	-320.2035235520452
552.6914062999422	-322.1075152545236
551.9692383325892	-324.3453082242049
550.9890137224575	-326.97921935562044
549.2246704603895	-328.9365557827987
547.9212036649697	-330.99447814328596
546.3895264182938	-333.1940020681359
545.005676321045	-334.8480242891237
543.5743408719427	-336.54702941374853
541.9498901867773	-338.4856585646048
540.642150928732	-340.0476702814922
538.9452515160665	-342.0735491896048
538.003967336379	-343.9502276550047
535.5904541524942	-346.07647887803614
533.703613332822	-348.3266314645298
532.2461548369029	-350.06408873805776
530.3731079600402	-352.2973040705547
528.6086426281836	-354.4012774582952
527.0548096217099	-356.2539080772549
526.2904053250677	-358.23797789914533
523.9635620628251	-359.9402789250016
522.9232178232633	-361.89178649289533
520.6201172392466	-363.9287432800047
518.5247192899697	-366.42920104181394
516.8522949735634	-368.4256304865703
514.7898560067406	-370.88910094602033
513.3180542491027	-372.647890008986
511.8624268079875	-374.3868731618859
510.41336064750794	-376.11697570281103
508.8410950214602	-377.99429503362626
508.05776982568204	-379.8373126159422
506.1698914078297	-381.2722491393797
504.90136723878095	-382.9610308771953
503.25088506017346	-385.46704284101725
502.456298879697	-387.324647822883
501.63189702288946	-389.80206481087953
500.77944951329846	-392.39489928726107
500.36822514864616	-394.49954406218603
500.0811462904094	-397.2391070523299
499.7395935575478	-400.3011492844671
499.5606384794228	-402.70715514570475
499.6211548358551	-405.667909540236
499.7613831079798	-408.18960754107684
500.15698247321416	-411.1839312664233
501.09265141759533	-413.6906451340765
501.79721074481495	-415.59570495178923
502.5452881369856	-417.4551715045236
503.7423096218845	-419.78268615016714
505.2986755875172	-422.0271929898299
506.8954468278098	-424.1936358581297
508.3027344265138	-425.63907042890787
509.97238164313603	-427.1836871295236
511.8747864270117	-428.9694537320174
514.1116943861125	-430.8155230660923
516.058654834982	-432.26049987226725
518.1713867689832	-433.7225665245205
520.1685791532509	-435.1097430353984
521.8735352059593	-436.29358092788607
523.2729492698563	-437.79425231413916
525.6928711454384	-439.1485613915138
527.4091797382571	-440.5155963082798
529.4617310087197	-442.15167419053614
531.4148560073227	-443.7082232609391
533.6032104998594	-445.45150939468294
535.2859497567406	-446.7926959171891
537.6698608911829	-448.69220153195783
539.2923584501259	-449.9839495783672
541.4177246600739	-451.6769122239202
543.0534058127087	-452.9799822936766
545.2025146991364	-454.6918963561766
547.068664602004	-456.1687029968016
549.2406006376841	-457.857454219833
551.325378468493	-459.47946349252015
553.3459473169642	-461.05209532752633
554.9577637235634	-462.29965392220765
557.1557617685758	-463.8351763882674
559.1911011242773	-465.2463091975078
560.8600464374758	-466.40307799866423
562.9497681184439	-467.89251891197637
564.7733765149023	-469.1963519207202
566.8707886245102	-470.6959246788174
569.0050659694243	-472.2345904507674
571.6680908706039	-474.25699035124853
573.2865601103986	-475.48523131990805
574.9002075705794	-476.71106139337644
576.7205200695898	-478.134706416633
578.5802612819243	-479.58954040007666
580.94683843042	-481.49255553493276
582.6603394052945	-482.9163226261735
584.8653564971173	-484.722108757589
586.9738159679109	-486.2802752619609
588.6193848164985	-487.4995135446079
590.3537598158582	-488.784608757589
592.8963623552117	-490.66705504618585
595.281005910947	-492.51111022476107
597.1448364765383	-494.02173034194857
599.0517578639556	-495.5691546574235
600.6483765149023	-496.8664263864048
601.7654419451137	-498.570344844833
603.944458058977	-499.5403155446984
606.1255493675126	-501.3090533390641
607.9639282737626	-502.7993792691268
610.2713013211032	-504.6698016305454
612.6439819836523	-506.5937823439017
613.9601440929109	-508.5775164742954
616.1788330596173	-509.4604815603234
618.8486328637227	-511.6275653014891
620.0288086442742	-513.9382952847518
622.9307251487626	-514.8548602270894
625.3658447768539	-516.7727069049142
628.1216431177454	-518.9439715538174
630.7015991710359	-520.9772357139736
632.3333130396204	-522.2630023132078
635.3286743678618	-524.6218890328892
638.6061401879415	-527.2030047527514
641.2194214368938	-529.2619036803953
642.9967651874758	-530.6638812208548
644.1604614767712	-532.7563494769856
647.6477661644458	-534.1008319039829
648.8617554215598	-536.2169207721017
652.366210987675	-537.5535296574235
655.1290894062258	-539.5771502633579
658.0684814956621	-541.7307147160172
661.4724121596664	-544.2242449885234
664.06311040133	-546.1229876633734
666.9311523952056	-548.2243670588359
669.3879395038239	-550.0232562203892
671.0689087425126	-551.2542132488452
672.4266968290322	-553.5238665724173
675.1806030771113	-554.2658709655516
677.5679932154017	-556.0151995797642
679.2138672388392	-557.2215594435111
681.5645752460114	-558.9450091500767
683.1847534681438	-560.1326312208548
685.4760132349329	-561.8121356144547
688.015625051572	-563.6740740891546
690.2471924332785	-565.3098773136735
692.7392578631407	-567.135927116964
695.2751465350739	-568.9935931330547
697.3510132350493	-570.514406118542
699.8709717297461	-572.362001334317
701.2182617683429	-573.9871844416484
703.2324829597492	-574.8275164766237
705.4279175305273	-576.4365862989798
707.4013672380242	-577.8824481144547
708.6505127454875	-579.5883807307109
711.000366262102	-580.5211810250767
712.8093262226321	-581.8472918649204
714.8143311054446	-583.3139056349173
717.0214844261063	-584.9697283888236
719.5941162608797	-586.9140643277206
721.6163940937258	-588.4737567063421
723.2830200704047	-590.0195330749266
724.8293457528343	-591.6246356163174
726.4738770035328	-593.3233050471172
728.3833618669305	-595.2193011404015
730.7567749523441	-597.4136370788328
732.626709035947	-599.1379412785172
734.9420776870102	-601.2702654972672
736.8022461452638	-602.9525775099173
739.3073730972828	-605.1719378586859
741.2490234893048	-606.8802508483641
743.5547485853895	-608.7323016282171
746.0286255393876	-610.6880511399359
747.6054688005242	-611.9326190147549
749.6701050301781	-613.5586566114798
752.7520752463606	-615.9774798536673
754.9505005384563	-617.6979998722672
757.6019287609961	-619.7677020211704
759.3479004414403	-621.1306170597672
762.1283569842344	-623.3017596397549
765.2182007351657	-625.7167376675643
767.9893188982969	-627.8309954768047
771.2380981952883	-630.1422747750767
774.1684570827056	-632.224733273033
777.3894043475157	-634.519716180861
778.6455688989954	-636.663270869758
780.3991699725739	-638.1758441091515
782.4618530774023	-638.1758441091515
785.0223389182938	-640.1782855154015
786.7515259286156	-641.542177119758
788.0603638213361	-644.214052119758
790.1347656754078	-644.214052119758
793.1924438981223	-646.638368527405
795.3076782730641	-648.3219012394547
798.438537647482	-650.8223284836859
801.9092407735297	-653.6083392272703
805.075012256857	-656.051698602736
807.3779297387227	-657.7020892272703
808.7243652846664	-660.0452288752422
812.0336914577056	-661.0386370802298
814.1674194849329	-662.5114154014736
816.0327148934011	-663.6718768263236
817.4202881372767	-665.7382830772549
819.5734863780672	-665.7382830772549
821.4000855003833	-666.7962054400705
823.5374146022368	-668.0371112017892
826.7015381371602	-669.8844622722827
830.0541992705548	-672.0838030972518
832.9183350115782	-674.2200945992954
834.8449707536492	-675.6752947918139
837.5191040547797	-677.6887225280516
839.3604736826383	-679.0715960618109
841.9786987807602	-681.0369280949235
843.7608643092681	-682.3745135432109
845.2726440945407	-684.3199481149204
848.2332153823227	-685.7307757535018
851.4457397967344	-688.1409320011735
853.9506836449145	-690.0235003610142
856.807678273879	-692.0117205753922
859.345764209982	-693.4718646174297
861.2369385265629	-694.3835467458703
864.6712646998931	-695.8524188166484
867.4085693865782	-696.792909538839
870.8408203634317	-697.6336688175797
874.5859375514556	-698.1249407893047
877.488220265077	-698.2111834664829
879.6464233895531	-698.1098651080392
882.5591431161738	-697.7451800475828
885.9201050318079	-696.980409540236
888.6611938979477	-696.0598162789829
891.6315308123594	-694.7282122764736
893.8898315927363	-693.4780902052298
896.6477051286492	-691.5913104191422
899.0252075711032	-689.537721554283
901.0971069834777	-687.6197528005578
902.5574341322063	-685.2698992840014
905.8057861829875	-682.7486590524204
906.5268555185758	-680.7599505567923
908.7919922379078	-679.2163714561611
909.5360107938759	-677.1736468444578
911.8740845226566	-675.6770648122765
913.7959595243447	-673.4586199885234
916.045227100607	-670.8590106158517
918.3942261248594	-668.0863665719517
920.2779541515629	-665.8605975280516
922.8734741722001	-662.7954119811766
924.8245850122767	-660.4926165682264
926.6925659686094	-658.2883319039829
928.8809814960114	-655.6995867821388
930.9395142115536	-653.1645526057109
932.6574097185512	-651.041627804283
934.624877980561	-648.6130999689922
936.3318481941242	-646.5068377605639
938.2404785653343	-644.1518572955392
940.2580566908	-641.6670550485142
941.8174438987626	-639.7573260460049
944.000061084982	-637.082887569908
945.3396606950555	-635.4365862989798
946.6760254420806	-633.7948016319424
948.1835327660665	-631.9429339552298
949.8146362801781	-629.9410418621264
950.7564697764465	-627.7741717468016
952.5588989766547	-626.5828875685111
953.8934326688759	-624.9375628642738
955.6050415555947	-622.8239154014736
957.2819214374758	-620.761415399611
958.8017578630825	-618.8917254609987
960.6365356956376	-616.6336688175797
961.3014526873012	-614.6145648122765
963.0803833507234	-613.6262835650705
963.7861938992282	-611.7036151052453
965.5858765152516	-610.5427264324389
966.342651418061	-608.2511004577391
968.2929077648441	-607.2070330753922
969.8299561056192	-605.4202899076045
970.6401978044887	-603.1550921583548
972.9325562035665	-601.910829462111
973.5608521016547	-599.4537371778861
975.9656372567988	-598.4951800489798
978.2634888200555	-595.7460345383734
979.1281128433766	-593.1414202828892
981.2951660667313	-592.0450457688421
983.2531128439587	-589.6470355177298
984.6232300316915	-587.9617938161828
985.676757864072	-585.520204464905
987.783813527727	-584.1090716514736
989.2030029806774	-582.3838519221172
991.3150635268539	-579.8189105181955
993.9673462418141	-576.5968646160327
996.3310547381989	-573.7164324894547
998.4039917500922	-571.2420672532171
1000.2526245627087	-569.070253290236
1001.3554077658919	-566.0457781925797
1002.8380127453129	-564.3188494811766
1005.4213867688086	-563.0301531944424
1007.8364258309593	-560.2075213538483
1009.353820852295	-558.4337176452391
1010.8417358904844	-556.6926287780516
1012.4555054210359	-554.8059710627422
1015.061523489072	-551.7613543658517
1017.6225586455548	-548.7679461617954
1019.2805786639219	-546.8298358093016
1022.3009033703711	-543.2998675475828
1024.01757817599	-541.2938250689767
1026.6258545423625	-538.2454241896048
1028.575317432871	-535.9671038743109
1031.0324707542313	-533.095399773214
1032.87390141777	-530.9427508478984
1034.5678711442742	-528.9619769239798
1035.9074707528343	-527.3954486018047
1037.699951222632	-525.2990740905516
1038.9718018082785	-521.8096942063421
1041.9216309100157	-520.3598651071079
1043.444824269507	-518.5771502638236
1045.2380371597246	-516.4781512394547
1046.8820801280672	-514.5545672518201
1049.9171143082203	-511.00757018569857
1052.3323975111707	-508.18643371015787
1053.9377441916731	-506.31091491272673
1056.91503911349	-502.83822814328596
1059.4674072767375	-499.8617877145298
1062.2802734889556	-496.60299865249544
1064.9099121594336	-493.5426348838955
1067.1591797375004	-490.8993243346922
1068.851318409841	-488.9096697908826
1070.49877934705	-486.9722613468766
1072.2890625497093	-484.86499205837026
1074.8054199719336	-481.9030779968016
1077.2287598164985	-479.0458697453141
1079.3968506371602	-476.62976256757975
1081.9895020029508	-474.289155876264
1083.8623047383735	-472.8178424006328
1085.7581787606468	-471.41928283451125
1088.6217041531345	-469.47940245689824
1091.352661183686	-467.94644347485155
1094.3773193857633	-466.5175799522549
1096.8200684110634	-465.4872454786673
1100.3782959486125	-464.33059875061736
1103.8895264178282	-463.6338519216515
1105.813964894507	-464.58459655288607
1107.7398682156345	-465.626558220014
1108.866333058686	-467.48767272150144
1109.9310303244274	-469.24881164124236
1110.861694386229	-471.4635333190672
1112.0446777852485	-473.2361468472518
1113.4903564951383	-475.19510070001706
1114.8400879417313	-477.44238463649526
1116.5019531763392	-479.66064635664225
1118.02612309705	-481.5815142765641
1119.4116211439832	-483.2750567588955
1120.8020020029508	-484.97366515453905
1122.784301809268	-487.1769427466206
1124.9425049325218	-489.3909014798701
1126.6387939961278	-491.0166033869609
1129.0845947778434	-493.35110656078905
1130.9700928230886	-495.1437701382674
1132.4978027854231	-496.5904864454642
1134.951293997001	-498.9098223815672
1136.6599121608306	-500.53198424587026
1138.5766602060176	-502.3522967491299
1140.5561523934593	-504.1636981163174
1142.107543996186	-505.5386675959453
1144.4365234891302	-507.60519591672346
1146.1422119642375	-509.119966423139
1147.7858887219336	-510.58154479507357
1149.699829151621	-512.3283709669486
1151.1999512235634	-513.6992205744609
1153.007446340751	-515.3504046597518
1155.3757324732142	-517.5161151052453
1156.8945313013392	-518.9053362947889
1158.7722168471664	-520.6206072922796
1160.4283447765047	-522.1342791682109
1162.3405762215843	-523.8811053424142
1164.0075684107142	-525.4026507493109
1165.6734619658673	-526.9236468421295
1167.9106445818907	-528.9633807283826
1169.9245605975157	-530.7993792663328
1172.0622559107142	-532.7493304396048
1174.0698242686922	-534.5799578754231
1176.153564503882	-536.4824236980639
1178.7869873546297	-538.8979510441422
1180.5786133329966	-540.5437640314922
1182.214599660132	-542.0448626643047
1184.1640625512227	-543.833192746155
1187.218627981376	-546.6348895221017
1189.4417725121602	-548.6741351266392
1190.9158936057938	-550.0261859069578
1193.786865283968	-552.6590594425797
1196.1677246604231	-554.8422259483486
1197.8829346216517	-556.4146746778861
1200.3375244644703	-558.6646746769547
1201.895996143925	-560.0932025085203
1203.4392090340843	-561.5075701838359
1204.7404785660328	-563.8936175503768
1207.4091797373258	-565.145936883986
1210.050781299593	-567.5664080763236
1211.6843262227485	-569.0631121769547
1213.396484425466	-570.631776726339
1216.374633839936	-573.3599261404015
1219.6324463401688	-576.3389910836704
1221.3549805200892	-577.866884148214
1224.2086182141793	-580.3654803396203
1226.2399902846664	-582.1365985022858
1228.1009522003005	-583.7545794569887
1229.48352055758	-586.5144061208703
1231.2796631358215	-587.7926653991453
1234.1605225107633	-589.0141619788483
1236.6590576671297	-591.1812152052298
1240.3828125500586	-594.4211444044486
1243.7795410662075	-597.4050921578892
1247.0750732932356	-600.5357073913328
1248.9468994654017	-602.3655413738452
1251.953857472632	-605.3154315152206
1253.856445363257	-607.1322650085203
1256.1046143088024	-609.1328143225983
1257.6276855983306	-610.4323748722672
1259.6888428241364	-612.1817034846172
1261.309692434501	-613.5562152033672
1263.2896729022614	-615.2321795602329
1265.7608643077547	-617.3173846378922
1267.385253957822	-618.684022820089
1269.1555176280672	-620.1697405944578
1271.5054932137136	-622.1321429382078
1273.598877002718	-623.9175433283672
1275.3013916519703	-625.4197405930609
1276.9866943871602	-626.9271868830547
1279.3756104012136	-629.0687884488143
1281.0895996610634	-630.6026019235142
1283.2572022000095	-632.5451678414829
1284.958007863257	-634.0734271188267
1287.076293995895	-635.972841180861
1287.076293995895	-638.0451068081893
1289.4915771989617	-638.0451068081893
1291.6445313013392	-639.8322161785327
1293.352294972632	-641.2406634446234
1295.4381104019121	-642.958436885383
1297.8272705589188	-644.9252947946079
1300.1673584497767	-646.9184588571079
1301.849121144507	-648.3845233093016
1303.5332031758153	-649.86151305167
1306.403198293061	-652.3852557311766
1308.7186279802117	-654.4264544625767
1310.474975637102	-655.9780902052298
1312.6024170417222	-657.8624285827391
1315.5736084480886	-660.5030535827391
1320.0617676293477	-664.5117205763236
1321.8652344256407	-666.1292132502422
1324.1475830590352	-668.1820086617954
1325.8872070812504	-669.7505511399359
1329.0469971201383	-672.6092547555454
1329.0469971201383	-674.7173480149359
1331.3684082535328	-674.7173480149359
1333.027099660365	-676.2290057307109
1333.027099660365	-678.2697772150859
1335.2684326675953	-678.2697772150859
1335.2684326675953	-680.5586566100828
1337.783813527436	-680.5586566100828
1340.1585693858797	-682.7181414715014
1341.905029347632	-684.3062152038328
1344.8188477059593	-686.9580096383579
1346.9699707546388	-688.9196795606986
1348.6237793478067	-690.4274920611642
1350.2327881358215	-691.8936175475828
1353.4797363778343	-694.8433856149204
1357.70800786349	-698.5242327810265
1359.7658691904508	-700.2845477233641
1361.3117676278343	-701.6046160818078
1364.0225830577547	-703.9173602252267
1366.0249023949727	-705.628358760383
1368.0253906756407	-707.3408221406862
1370.350341846468	-709.331727903802
1372.3387451671297	-711.0345477224328
1373.8773193860543	-712.3507098341361
1376.3175049332785	-714.4684466486797
1378.8383789562504	-716.6988543635234
1380.7078857934102	-718.358827510383
1381.6920166520285	-721.7695941100828
1384.5502930196235	-721.7695941100828
1387.7774658699054	-724.6316546592861
1387.7774658699054	-726.8068255553953
1390.231079151621	-726.8068255553953
1394.4742432154017	-730.5689105200581
1397.7607422388974	-733.4832781921141
1400.2691650891793	-735.7076434278861
1401.800415090518	-737.0654315133579
1403.655761770322	-738.7105731135234
1405.1528320817742	-740.0377215561457
1407.8066406749422	-742.3896502614953
1409.7253418477485	-744.0907611059956
1412.3782959484379	-746.4431170620956
1414.2342529809102	-748.0889300475828
1416.7449951688177	-750.3156756525859
1418.2874756370438	-751.6835955781862
1420.2396240730304	-753.4146136436611
1422.3416748550371	-755.2790545588359
1424.7216797387227	-757.3933123736642
1427.1236572761554	-759.5288714529015
1427.1236572761554	-761.6757220393047
1429.538940481143	-761.6757220393047
1431.5307617699727	-763.4454974313267
1433.1556396993692	-764.8908709664829
1436.01135258883	-767.4310320992954
1437.5357666525524	-768.7858904991299
1439.8826904803282	-770.869325555861
1442.4455566917313	-773.1406878605485
1442.4455566917313	-775.2495745783672
1444.8299561060267	-775.2495745783672
1447.2152100119274	-777.3569354168139
1448.8785400887136	-778.8266619821079
1451.1954346199054	-780.8759783883579
1454.219360402727	-783.5523699899204
1456.159912160365	-785.2732562208548
1458.599487356143	-787.4414080721326
1461.0201416524942	-789.5955218444578
1461.0201416524942	-791.7794818067923
1463.4741211438086	-791.7794818067923
1465.0336914575892	-793.1673602228984
1467.0584717309102	-794.9692401080392
1469.76330571383	-797.3760394225828
1471.9454346208367	-799.3176287785172
1471.9454346208367	-801.7477435236797
1474.676879934501	-801.7477435236797
1476.3129883327056	-803.2029437203892
1479.3928223162075	-805.9430560241453
1480.9129639178864	-807.2963885478675
1483.4482422372093	-809.553651727736
1485.757080129115	-811.6091326875612
1487.9916992691578	-813.5976580753922
1490.327026417246	-815.6753558274359
1494.307006885996	-819.2185076866299
1496.52148442599	-821.193544305861
1498.6051025895867	-823.0506610069424
1500.4459229010972	-824.6913470379077
1502.998535206425	-826.9667376661673
1505.0765381375677	-828.8171404958703
1506.806274464645	-830.3576678428799
1508.4677734879078	-831.8375872764736
1510.9194336449145	-834.0218524127267
1512.6593018093845	-835.5709246774204
1515.361816457007	-837.9746722355485
1517.0948486826383	-839.5187396174297
1518.9763184100157	-841.2117938222364
1520.6959229012718	-842.7683123759925
1522.706420949311	-844.5934466528706
1524.8782959486125	-846.5676898113452
1526.5366211441578	-848.0750140319578
1528.119628955843	-849.5141619788483
1530.093627980852	-851.3087176429108
1532.2404785671388	-853.2603167644702
1534.1699219251168	-855.0131854172796
1536.266723683104	-856.9176654005423
1537.8629150892375	-858.3673724299297
1539.705810596468	-860.0408953786828
1541.310180714354	-861.497011104133
1543.376342824311	-863.3714617858641
1545.2106934096082	-865.0351580725983
1546.9450684108306	-866.6077899141237
1548.4451904802117	-867.9682025066577
1550.6110840354813	-869.9338397150859
1552.3450928231468	-871.5088519216515
1553.863281300175	-872.8889788789675
1555.6927490731468	-874.5565203814767
1557.395996143343	-876.0787371769547
1559.1016846202547	-877.5634783916175
1561.3289795431192	-879.4912127628922
1562.46044926974	-881.9304827814922
1565.873413137626	-883.4176043649204
1567.6043701673625	-884.8386859050952
1569.180053762393	-886.0863665705547
1571.2164307148196	-887.6787127647549
1574.0063477061922	-889.8577288761735
1575.939453174593	-891.3703021178953
1578.4948730979813	-893.3729876647703
1581.0397949735052	-895.3685320992954
1582.330932667479	-897.6148699894547
1584.9886475118692	-898.5128192086704
1587.7314453625586	-900.7132586585358
1590.184692434268	-902.6777972378768
1592.9475098151015	-904.8905047541484
1595.0583496597828	-906.5830096355639
1597.023315480561	-908.1627215500921
1599.1949463395285	-909.9107684283517
1601.6149902846664	-911.8542498708703
1603.3786621598992	-913.2713641305454
1605.9211426281836	-915.3145159836859
1607.5550537614035	-916.6264056349173
1609.1276855968172	-917.888063351158
1610.6903076677117	-919.1416644221172
1613.1063232925953	-921.1271380549297
1615.015747120371	-923.1150530939922
1616.5938721213606	-924.7897357097827
1618.333862355561	-926.8228167644702
1619.4985352065996	-928.6716937175952
1620.7424316902761	-931.2490862989798
1621.375732472865	-933.3058489942923
1621.7022705582203	-935.599794307258
1621.5544434098992	-938.4741229177453
1619.9979248563177	-939.8474749694578
1618.3981934087933	-941.5280779995956
1616.3393555188086	-941.9730242867954
1614.5493164571817	-943.0736102242954
1613.3254395027761	-944.6812762389891
1612.6441650894121	-946.7473773141392
1611.5526123556774	-949.1411151061766
1610.4312744637136	-951.1044329772703
1609.0511475119274	-952.9312762399204
1607.26513676811	-955.2060565147549
1605.451416066382	-957.5059222374111
1603.7569580576965	-959.6500262357295
1602.2534180202638	-961.5496234069578
1600.676879932289	-963.5373553428799
1599.2550049326383	-965.3261737022549
1597.5718994654017	-967.4387225294486
1595.7818604020285	-969.6811541668139
1594.258544972865	-971.5836199885234
1592.4561768075218	-973.8258685250767
1590.3547363784164	-976.4323138366453
1589.6293945816578	-978.5399188166484
1587.4912109874422	-979.9627703777514
1585.8065186043968	-982.1389178419486
1583.638671925466	-985.0960711613297
1581.659790089936	-987.8129901047796
1579.3988037618692	-990.7644061231986
1578.2664795421297	-993.2637347364798
1576.0573730967008	-995.0017108083703
1573.993286183104	-997.6057147136889
1572.5446777838515	-999.425966183655
1570.4575195824727	-1002.039247430861
1568.933471729164	-1003.939882197883
1567.65515141777	-1005.5239276061766
1566.7205811062595	-1008.6835345397703
1564.3448486824636	-1009.9526995783672
1562.092285207822	-1013.0936297527514
1560.6284180195653	-1015.1322039747611
1559.4114990747767	-1016.800233758986
1557.604858448496	-1019.1108416677453
1555.02050786349	-1022.25848570792
1554.0316162613453	-1025.4940203833394
1550.9781494636554	-1027.1540545611642
1549.3045654809102	-1029.1136492867954
1547.8699951677117	-1030.7048358106986
1546.0617676287657	-1032.6741961613297
1543.4426270037657	-1035.5184344425797
1541.591430715518	-1037.5297869811766
1540.049682667479	-1039.2009295593016
1537.0115967307938	-1042.4974383460358
1535.360229543876	-1044.2989520183764
1533.403808643925	-1046.4323748718016
1530.5068359883735	-1049.573610226158
1528.5341797391884	-1051.696290888358
1525.6325684090843	-1054.8037127610296
1523.610595754697	-1056.9628924531862
1521.8684082545806	-1058.820680540055
1519.7926025892375	-1061.0321063180454
1518.5709229012718	-1064.1877459660172
1514.763671925175	-1066.362550652586
1513.0534668472828	-1068.1654070992954
1510.9331055202638	-1070.3942889343016
1509.130004934268	-1072.284669796005
1505.729126026854	-1076.0134295606986
1503.9213867701474	-1078.046632683836
1501.7420654800953	-1080.5072039701045
1500.4078369652852	-1082.0167254600674
1498.6793213402852	-1083.9746112003922
1496.568725637626	-1086.3828143239953
1494.8728027852485	-1088.3901385455392
1494.8728027852485	-1090.7432879600674
1491.2084961449145	-1092.8020037780516
1489.2437744639465	-1095.1743182302453
1487.6540527838515	-1097.0933856158517
1484.4157715338515	-1100.9995135450736
1482.8912354022032	-1102.8380145183764
1480.8660889184102	-1105.2796649103984
1479.2358398944489	-1107.2445086590014
1475.893432668876	-1111.2718524062075
1474.332031300466	-1113.1549090510234
1472.7667236831621	-1115.044435418211
1471.2652588398196	-1116.8555926429108
1467.8999023934593	-1120.913331901189
1465.0250244645867	-1124.3792742867954
1462.7382813006989	-1127.1374529981986
1460.2697754401015	-1130.114625849761
1459.274536183104	-1132.514650260564
1456.3504639178282	-1134.8500994802453
1454.1971436042804	-1137.4687518267892
1452.5439453619765	-1139.4801043644547
