1471.440673879697	-1082.4594744788483
1470.106567432289	-1084.190431513358
1468.9152832528343	-1086.2371844416484
1467.4281006355304	-1087.6667498745956
1466.0760498545133	-1089.421022331342
1464.6513672387227	-1091.2685565152206
1463.426757862675	-1092.8560809274204
1461.7153320811922	-1095.0726336617954
1460.0823975120438	-1097.1877459660172
1459.189819385414	-1099.3823260413483
1457.339355519216	-1100.7392596388236
1455.9897461454384	-1102.485963741783
1454.4262695823563	-1104.5095233097672
1452.9851074729813	-1106.3763445988297
1451.5800781763392	-1108.19653503038
1450.1329346210696	-1110.06958190538
1449.348877004115	-1112.16821471788
1447.568359426572	-1113.3905047536828
1446.1324463399942	-1115.246461785864
1445.169677784259	-1117.3432635436766
1442.9660645046388	-1119.6521014356986
1441.7895508323563	-1121.2980975280516
1440.2919922391884	-1123.395021355711
1438.8101807136554	-1125.4138201856986
1437.443725635996	-1127.2120379586704
1436.025146535365	-1129.081422721967
1434.7633057145867	-1130.7460955749266
1433.096313526621	-1132.94507018663
1431.6380615744274	-1134.8686541705392
1429.550659229746	-1137.6220721411519
1427.874389698496	-1139.8332537757233
1426.2979736830457	-1141.912843622733
1424.5479736843263	-1144.221559443511
1422.6531982931192	-1146.7210711631924
1420.750000049593	-1149.2319354191422
1419.2856445815414	-1151.1633319063112
1418.275878956425	-1153.7806414705701
1416.4023438000586	-1154.966920768842
1414.6047363778343	-1157.338746942114
1412.958984426281	-1159.510988151189
1411.1439209490782	-1161.9062518249266
1409.1679688001168	-1164.514650263358
1407.4954834495438	-1166.7219256521203
1405.784545948205	-1168.9798602224328
1403.9847412605304	-1171.3548602224328
1402.9176025898196	-1174.0742205749266
1401.0148926293477	-1175.272828973364
1399.144043020322	-1177.7410906897858
1397.2178955588024	-1180.2824725299142
1395.2872314957203	-1182.8297137399204
1393.578369191615	-1185.0845965496264
1391.1975098156836	-1188.2260760394856
1389.529541066615	-1190.426759639755
1388.374755909841	-1193.368410027586
1385.6525879420806	-1195.5465106111951
1384.3438721210696	-1197.3066424475983
1382.4958496602485	-1199.806764520239
1380.3527832526015	-1202.7081317068078
1378.584106497001	-1205.102907099761
1377.0185547387227	-1207.223756707739
1375.714965870895	-1208.9844988924451
1374.171997120371	-1211.0382098336704
1372.5225830577547	-1213.2323016286828
1370.7047119642375	-1215.652223506011
1368.9769287625677	-1217.951295770239
1367.0904541527852	-1220.459474480711
1365.4614258307265	-1222.6248797555454
1364.5843506355304	-1225.1865252610296
1362.5345459483215	-1226.513673700858
1360.8420410654508	-1228.7628192086704
1358.9667969267466	-1231.2550067040138
1357.332763722632	-1233.4249285846017
1355.5784912605304	-1235.752443232108
1353.653198293352	-1238.3070086603984
1352.7082520035328	-1240.7821063194424
1350.8468018081621	-1242.0313738943078
1349.4306641138392	-1243.9112567096017
1348.4824219248258	-1246.2851580749266
1346.6968994648196	-1247.5418719425797
1345.1954346204875	-1249.5367449861951
1343.7385254406836	-1251.4732684241608
1342.2689209494856	-1253.4268817072734
1340.2449951688177	-1256.118165886961
1338.927124073496	-1257.8695086585358
1337.1614990746602	-1260.2146014333703
1335.3343506358797	-1262.6407488961704
1333.9935303240782	-1264.420045770239
1332.592163135414	-1266.279176631011
1330.704467824893	-1268.7817401052453
1329.7822266140138	-1271.256715693511
1327.854980519507	-1272.556398310233
1326.725463918643	-1275.3734149117954
1324.2650146988453	-1277.305910026189
1322.6788330593845	-1279.4033221378922
1320.8699951668386	-1281.7937029972672
1318.6986084486707	-1284.661622919608
1316.2794189966517	-1287.8553485055454
1315.0349121604813	-1289.4971942100674
1313.182251028251	-1291.940919791814
1311.5322266137227	-1294.116334832739
1309.1864014175953	-1297.207643427886
1307.2615967303282	-1299.7432879582047
1305.7536621610634	-1301.7301043644547
1303.5849609873258	-1304.5874041700736
1302.2163086442742	-1306.3912371746264
1300.351806692197	-1308.8475360069424
1299.0308838408673	-1310.5870379572734
1296.6593018090934	-1313.7084979191422
1295.4025879407418	-1315.3627947936766
1294.0916748543386	-1317.0877703772858
1291.5289307148196	-1320.458497918211
1290.2114258318907	-1322.1909197922796
1288.0527344250004	-1325.0285662780516
1286.3387451680028	-1327.2805194035172
1283.8726807150524	-1330.5179461603984
1282.6555176278343	-1332.115602412261
1281.275146533968	-1333.9273699866608
1281.275146533968	-1336.0566424499266
1278.3601074729813	-1337.751222528983
1276.8061523946235	-1339.788453973364
1275.2766113780672	-1341.7943133488297
1273.178955129115	-1344.5454119844362
1271.653686573496	-1346.5463885427453
1270.3764648935758	-1348.2213153033517
1269.0244141141884	-1349.994630732108
1266.6662598153926	-1353.0885028024204
1264.4703369648196	-1355.9696063189767
1262.9030762223992	-1358.026369011961
1262.4141846209532	-1360.9014910836704
1259.3149414568907	-1362.7359637380578
1258.3630371597828	-1365.5255145211704
1255.838134816382	-1367.299196159467
1254.4770508310758	-1369.0865496741608
1252.6003418463515	-1371.550538935233
1251.3660889175953	-1373.1710223318078
1249.1177979022032	-1376.1427020197734
1246.9482422379078	-1379.2128924499266
1245.8312988798134	-1382.3895281893201
1243.6910400892375	-1383.898195181042
1242.6517334500095	-1386.418947135564
1241.0325928247184	-1387.7166766314767
1239.1373291527852	-1390.439088740386
1237.865600635996	-1392.2658709646203
1236.348266651621	-1394.446168817114
1235.006103565509	-1396.3751238984987
1233.290649464121	-1398.8404559260234
1232.2292480979813	-1401.4626483083703
1230.5291748543968	-1402.807130730711
1228.6206055194489	-1405.5495623745956
1226.7639160653343	-1408.218751824461
1224.9671631360543	-1410.8022479158826
1223.0068359887227	-1413.6188983079046
1221.4306641142466	-1415.8829363947734
1219.4934082526597	-1418.6663836641237
1217.4613037618692	-1421.5738543611951
1215.8977051279508	-1423.6955584655516
1214.1765137222828	-1426.0170916677453
1212.3913574721082	-1428.4288348308764
1210.9663086442742	-1430.3570574894547
1209.716796926572	-1431.9462908902206
1207.9167480976903	-1434.1252459669486
1207.1988525887718	-1436.0366229191422
1205.4573975123349	-1437.1047381535172
1203.5493164572981	-1439.417116081342
1202.0922852079384	-1441.1812762385234
1200.0819092303282	-1443.614992060233
1198.0178223167895	-1446.112428584136
1197.3070068856468	-1448.315797721967
1195.0782471216517	-1449.6656512366608
1193.6948242698563	-1451.3371600271203
1192.393310597632	-1452.917482294608
1191.269043018343	-1455.8477801433764
1188.8969727074727	-1457.1672381530516
1187.8189697765047	-1459.6195086617954
1185.6164551295806	-1461.1370867853984
1183.7194824715843	-1463.4810809274204
1182.7155762215843	-1466.253786007408
1180.4146729019121	-1467.596559444908
1178.1955566914985	-1470.3525408888236
1176.0797119654017	-1473.0682391314767
1174.3366699716426	-1475.343141476158
1172.1737061045133	-1478.1635760436766
1170.380493215751	-1480.5003680335358
1168.333862354164	-1483.167482296005
1166.2077637222828	-1485.9393328814767
1164.0544434096664	-1488.7462176447734
1161.9610596215934	-1491.4758319030516
1160.0482178242528	-1493.9703387413174
1157.9920654803282	-1496.6516131530516
1155.8806152843172	-1499.404542840086
1153.908935597632	-1501.9752215519547
1151.7702637230395	-1504.7640399141237
1149.9332275895867	-1507.1595477242954
1148.0256348168477	-1509.646974477917
1146.43798833224	-1511.717286982108
1145.1905518096173	-1513.3439959646203
1144.2915039559593	-1515.929811398033
1142.2878418478067	-1517.1292742863297
1140.3574219254078	-1519.6488055349328
1138.5085449732142	-1522.0344256521203
1136.6851807148196	-1524.3707293649204
1135.161865285365	-1526.3050555363297
1133.1990967307938	-1528.517213740386
1131.57141118258	-1530.2601336631924
1129.8717041526106	-1532.085206903983
1127.874023487675	-1534.232789913658
1126.0080566918477	-1536.238893427886
1124.092773487384	-1538.314699087292
1122.4947510276688	-1540.1545428391546
1120.8475342310267	-1542.0576190114953
1118.9157715357142	-1544.2850360022858
1117.0289307150524	-1546.45971862413
1115.2612305191578	-1548.497194207739
1113.5992432145867	-1550.413087760564
1111.8574219248258	-1552.421144402586
1109.7377930202056	-1554.8651141272858
1107.766967823496	-1557.1361102210358
1105.7843018089188	-1559.497926628217
1104.1154785664985	-1561.5961932339706
1102.313232473447	-1563.859254756011
1100.5568848168477	-1566.0609149099328
1099.001586964645	-1568.010499871336
1098.0159912611707	-1570.6319598350674
1095.9904785667313	-1571.7855242849328
1094.2852783716517	-1573.9230975317769
1092.3403320829384	-1576.3614520197734
1090.7387695827056	-1578.3699969425797
1088.8867188006407	-1580.691774285864
1087.039184622001	-1583.007936393842
1085.318115285947	-1585.166871940717
1083.7880859873258	-1587.0838641286828
1083.0408936056774	-1589.0814227215014
1081.2059326687595	-1590.3187274103984
1080.0925293465843	-1592.5755633502267
1078.265625050175	-1594.0070819002576
1076.935424855561	-1595.6738299531862
1075.0234375511063	-1598.0692156911828
1073.9132080576383	-1600.3117694072425
1072.1687012232142	-1601.8337420593016
1070.5643311063177	-1604.1551531925797
1069.0061035667313	-1606.411012567114
1067.4752197765047	-1608.7858904944733
1066.10449223849	-1610.9061297555454
1064.888793995604	-1612.7865008488297
1063.0687256369274	-1615.601564325858
1061.9516602075892	-1617.3294696006924
1060.8166504418477	-1619.085206903983
1059.601440481143	-1620.9737567058764
1057.8529053232633	-1623.376100457739
1056.6384277854813	-1624.9737567072734
1054.8328857934102	-1627.353395382408
1053.4167480979231	-1629.0039080735296
1052.1009521983215	-1630.5246600280516
1050.597045949893	-1632.2659930353984
1049.2863770047552	-1633.7835711617954
1047.7512207530672	-1635.5607928396203
1045.9450684105977	-1637.651491084136
1044.5134277851903	-1639.308473506011
1043.494262745371	-1641.500245963689
1041.6685791515047	-1642.6013201847672
1040.2810059100739	-1644.207643429283
1038.2192383322981	-1646.5947283860296
1036.0863037605304	-1649.0644549527206
1034.3216553238453	-1651.1079119802453
1032.1088867690996	-1653.6705340538174
1030.1341553233797	-1655.957521355711
1027.9173584491946	-1658.5249041686766
1025.707397510996	-1661.0814227215014
1024.0528564968845	-1663.0489520221017
1022.0792847177945	-1665.473146357108
1020.2400513199973	-1667.7319354158826
1018.6586914565414	-1669.671876824461
1017.5382080595009	-1672.101686396636
1015.7225342295133	-1673.2733172550797
1014.0894165553618	-1675.275880732108
1012.0875855006161	-1677.7309588580392
1010.6795044459868	-1679.457277216483
1009.018432666955	-1681.493532096967
1007.2139893095009	-1683.7052020207047
1006.347778370895	-1685.8255633492954
1003.9328613787657	-1687.7192401075736
1002.4589844247676	-1689.5102557339706
1000.8635254406254	-1691.4521502614953
999.1968994641211	-1693.487672726158
997.8252563989954	-1695.163087760564
996.3179932149942	-1697.0023211627267
994.9550781749422	-1698.6658953786828
992.7642212419305	-1701.3416766333394
990.7438965361798	-1703.805177608505
989.2316284679109	-1705.6005877638236
986.976013234118	-1707.742433463689
985.2333984880825	-1709.2998065124266
982.717041067488	-1711.2446307311766
980.9688721207203	-1712.4478778005578
978.3664551295806	-1714.0279559260234
976.4218140160665	-1715.076539910864
973.8523560084868	-1716.3946551447734
970.8201904812595	-1717.7283953786828
968.3372192892712	-1718.631593622733
966.1960449736798	-1719.296022332739
963.3804932136554	-1719.9882830763236
961.3906250517466	-1720.314821160864
958.3775635284255	-1720.682252800092
955.5745850119856	-1720.7834490910172
952.6389160664403	-1720.6442889384925
950.058593800175	-1720.3634051475674
947.1865234887227	-1719.8953875675797
944.3600464375922	-1719.3400897146203
941.6384277860634	-1718.6542986999266
939.5415039574727	-1718.006593622733
937.6050415534992	-1717.140016476158
935.1005249535083	-1715.8590106158517
932.7242432142375	-1714.6530779968016
929.9788208524697	-1713.140382682439
928.4012451670715	-1711.7377947941422
926.3782959482633	-1710.7554949894547
924.1498413588852	-1708.9024676443078
922.308776905993	-1707.3625506549142
919.998474171909	-1705.4036883478984
918.0375366717344	-1703.5996112013236
916.4007568876259	-1702.0997332711704
914.3052979022032	-1700.1798113957047
912.6096191912657	-1698.6259783888236
910.8827515151352	-1697.0435809274204
909.5703125502914	-1694.7208270225674
907.4132080576383	-1693.864015497733
905.5046997574391	-1692.1148699885234
903.5092163590598	-1690.2862567096017
901.8056030779844	-1688.725099479314
899.7536621607142	-1686.8430194044486
897.4711914576474	-1684.730348507408
895.2940674325218	-1682.6990985055454
894.0299683121848	-1680.5118426461704
892.0315552263637	-1679.645021358505
890.0250854990445	-1677.7576922536828
888.9053955595591	-1675.019166866783
885.9135742702638	-1673.8901385441422
883.8541870616609	-1671.9832781930454
881.425293018925	-1669.7421893263236
879.4216309100157	-1667.8935565110296
878.1513062029262	-1665.7856463561766
875.4299316912657	-1664.20825378038
873.2727661631652	-1662.215577997733
871.8015747574973	-1660.8564471392892
869.6481323740445	-1658.8657244797796
868.1704102061922	-1657.4990252614953
865.6466675313422	-1655.1656512413174
862.9238281749422	-1652.6492938175797
860.79187016777	-1650.6810320951045
858.3076782729477	-1648.3363055330701
856.2405396009563	-1646.3632830749266
855.1048584489617	-1643.9626483106986
851.6696167502669	-1642.0001238957047
850.5592651879415	-1639.8574236989953
847.8573608915322	-1638.1121844425797
845.6615601101657	-1635.859376824461
843.6322632331867	-1633.778322138358
841.3504028817988	-1631.4372576833703
838.9656372588361	-1628.99096862413
836.7963867690414	-1626.7644061222672
835.3907471204875	-1625.3212908874266
832.8821411648532	-1622.7446307316422
831.5993042495684	-1620.0152606121264
828.309143116232	-1618.0441912771203
826.6970825698227	-1616.385866081342
824.5974121590843	-1614.226198116783
822.9584961435758	-1612.5405291691422
821.4041138208704	-1610.9411639356986
818.7814331554691	-1608.241090692114
816.7455444848165	-1606.1452654986642
814.7835693878005	-1604.1276873704046
812.3294678246602	-1601.5169695951045
810.0803223174298	-1599.091676628217
807.5197754414985	-1596.3326434283517
806.1608276884072	-1593.4404315114953
804.175293020322	-1592.7296160836704
801.4331665538484	-1589.773927607108
800.0134888204047	-1588.244142450858
797.5148926280672	-1585.5499285846017
795.3115845225984	-1583.1721209697425
793.866210987675	-1581.6119403005578
791.1634521981468	-1578.6950701843016
789.7035522959195	-1577.1193865924142
788.7273560074391	-1574.5727557330392
786.1716919455212	-1573.3090838566422
783.4795532723656	-1570.3306903019547
780.8187866708031	-1567.3574237031862
779.4825439956039	-1565.8649920583703
777.9218140151352	-1564.1223162799142
774.8269653820898	-1560.5722674499266
774.1629639174789	-1558.1917742853984
771.7034302265383	-1556.820680535864
770.2830200692988	-1555.114259638358
767.8382568862289	-1552.177247918211
765.9210815944243	-1549.8731707725674
764.2889404802117	-1547.911867058836
762.9404297376168	-1546.290773308836
761.9959106949391	-1543.566530145239
759.7286377463024	-1542.4284686208703
758.2911377470009	-1540.6983660836704
756.5894165543141	-1538.6491717430763
754.3299561050953	-1535.9285906930454
751.9269409691915	-1532.9262713566422
749.521545461379	-1529.8902606144547
747.6222534683766	-1527.494996942114
745.2578125500586	-1524.5139178438112
742.8058472197736	-1521.4234637413174
740.651245168352	-1518.7063006521203
738.0622559096664	-1515.43921081163
735.9047852079384	-1512.7171649076045
734.5596313986462	-1511.0194110064767
733.1740723166731	-1509.2697772155516
731.0787354019703	-1506.6232928438112
729.697509817488	-1504.878663935233
726.8586426298134	-1501.2922381516546
725.3136597193079	-1499.339479363989
723.9053955582203	-1497.5587176461704
722.6636963402852	-1495.9884051447734
720.0746460472001	-1492.7154559246264
717.7410278831376	-1489.7017840519547
716.0533447778434	-1487.4346942082047
716.0533447778434	-1485.4047869802453
714.5482178234961	-1483.3054217454046
711.8155518089188	-1481.7241229186766
709.5422974142712	-1478.664552607108
707.3094482936431	-1475.6594256535172
705.2420654798625	-1472.8776873694733
704.5418701687595	-1469.959718621336
701.9888916534837	-1468.499757682439
700.7891235856805	-1466.8852557316422
699.5656128445407	-1465.2391375661828
698.6470947772614	-1462.565797723364
696.5422363793477	-1461.1709002628922
695.2963867691578	-1459.494020378217
693.5975952664157	-1457.2099627596326
692.1094971218845	-1455.1387957683764
690.2526245615445	-1452.51587096788
688.2412720227148	-1449.6759051443078
686.2220459497184	-1446.8265399103984
685.4866333525861	-1444.3101824908517
682.6619873547461	-1441.8045672564767
680.990417530993	-1439.4476336627267
679.1303711434593	-1436.8243426489644
677.8997192897368	-1435.0883807325736
676.1907959486125	-1432.676759638358
675.341369680129	-1430.5310076861642
672.8493652844336	-1427.966188351158
671.1883545437595	-1425.6073016286828
670.0825806163484	-1423.220827020239
668.563781788107	-1421.8763445960358
667.0137939952547	-1419.670167838689
666.3059692897368	-1417.706911008805
664.5515747586614	-1416.056764521636
663.3703613787657	-1414.322389520239
662.0490112814587	-1412.3787860036828
661.4782105009072	-1410.2003192086704
659.1624756372184	-1408.058473506011
658.0229492691578	-1406.3541278019547
656.6132202661829	-1404.246095574461
654.9989014179446	-1401.8297137366608
653.1630249532172	-1399.1912860069424
651.1050415544305	-1396.2910174489953
649.7423706555273	-1394.3676776075736
648.319152882148	-1392.3584002600983
646.9548340350157	-1390.432008663658
645.679321339936	-1388.6302508492954
643.5646362802945	-1385.641237175092
642.4067383324727	-1384.0037860041484
641.0820923359133	-1382.130006707739
639.2487793464679	-1379.5356463575736
637.6963501489954	-1377.3381365919486
635.3109741722001	-1373.9614276099019
633.7532349139219	-1371.756349480711
632.091980032099	-1369.40503112413
630.562683155993	-1367.2404803433456
629.2194214379415	-1365.3393572955392
627.7254639186431	-1363.2229022127576
626.4195557144703	-1361.2171649113297
624.9316406769212	-1358.8942889356986
623.7618408703129	-1357.0692156939767
622.9138184107142	-1354.7597674489953
620.8316040557111	-1352.3107928419486
619.5845337431529	-1350.2338885441422
617.8638916522032	-1347.3345965486951
617.2808838388883	-1345.2597674527206
615.6502686045133	-1343.3970965524204
614.6517944837688	-1341.6241473299451
614.0404053240782	-1339.6176776061766
613.0622559097828	-1337.70581237413
611.7444458508398	-1336.1271990896203
611.1109009300126	-1334.0201434241608
609.7223511248594	-1332.213136587292
608.7759399925126	-1330.3812274103984
607.436035208113	-1327.787477410864
606.1982422386645	-1325.4475115896203
604.7482300304691	-1322.8707293644547
603.6311035662657	-1320.879518427886
602.2700195827638	-1318.4544696002267
600.924499562243	-1316.056764520239
599.9337769071572	-1314.291017448064
598.6324463409837	-1311.9726580777206
597.3718872579047	-1309.723634638358
596.3076782727148	-1307.8238543630578
595.3565063975984	-1305.0546893267892
593.7858887235634	-1303.316163932439
592.6947632350493	-1301.3459490891546
591.4444580576383	-1298.7408465538174
590.8726807148196	-1296.3471697927453
589.2437134296051	-1294.047487177886
587.9675903823227	-1291.3042010436766
586.8938599140965	-1288.9935320978984
585.64428715955	-1286.3029803419486
585.1526489766547	-1283.9700946002267
583.1548462430947	-1280.928468622733
581.8433838404017	-1278.2703875675797
580.358032277436	-1275.5494403038174
578.7091064959532	-1272.546266473364
577.1140747586032	-1269.9016131502576
575.6954346220591	-1267.5875262399204
574.0792236842099	-1264.9423846364953
572.4684448752087	-1262.1954363957047
571.121521046909	-1259.8315447941422
569.5910645037657	-1257.1492938175797
568.1170654806192	-1254.5683612003922
566.9342041515629	-1252.4975604205392
566.2517700712197	-1249.7990740905516
564.6436157724238	-1248.4903582693078
563.2889404807356	-1246.1206072927453
561.875549366232	-1243.6490496769547
560.6880493671633	-1241.5726336613297
559.5095215347828	-1239.5118426419795
558.0940552255488	-1237.0371112013236
556.8616943875095	-1234.8824481144547
555.5115967307938	-1232.521974479314
554.503662160947	-1230.7598895174451
553.1870117697399	-1228.4582537752576
552.5753174335696	-1226.4636248722672
550.8977051298716	-1224.4611834706739
549.7717285661492	-1222.6580828791484
548.6236572777852	-1220.8416766305454
547.3510742705548	-1218.823488153983
546.1657715344336	-1216.9433612003922
544.5992432140629	-1214.470460810233
543.4998779810267	-1212.7410906897858
542.186523489072	-1210.6694354224019
540.858520558686	-1208.5729998704046
539.5682983915322	-1206.536134636961
538.4816895029508	-1204.8201922527514
537.014892629697	-1202.5039080753922
535.66979985527	-1200.3797625689767
534.504638721759	-1198.5164813175797
533.0501099150279	-1196.1097430340014
531.5271606948227	-1193.5938738961704
530.3504028837197	-1191.6496600271203
529.2490845239372	-1189.8297137399204
528.2391968285083	-1187.173585810233
526.5951538602822	-1185.4447039752267
525.5406494659837	-1183.7030047550797
524.4256592310267	-1181.8615740891546
523.0295410659164	-1179.5559100299142
521.3967896014219	-1176.8580340538174
520.0122681178618	-1174.5719012413174
518.6422729991027	-1172.3099383446388
517.3663940933184	-1170.2017840524204
515.9566040558275	-1167.776613151189
514.688232471759	-1165.2777117849328
513.5895386242773	-1162.7464617863297
513.1629639175953	-1160.6364764343016
512.8759155778098	-1158.3942889361642
512.932983449602	-1155.592286982108
513.3828125498258	-1153.1743182311766
513.7752686052117	-1151.0028094439767
514.5664673362044	-1148.333131706342
515.3182373561431	-1145.879396354314
516.1024780779844	-1143.9055194044486
517.5180054211523	-1142.298829950858
519.0737915554782	-1140.3161639361642
520.9854126482969	-1137.9158953772858
522.2618408704875	-1136.3051776066422
524.2229614759563	-1133.9869403005578
525.6516113781836	-1132.338991082739
527.0727539571235	-1130.7989520207047
529.0989990734961	-1128.652833855711
530.6484985858551	-1127.008302607108
532.0717163599329	-1125.4982928424142
533.6312256364617	-1123.843507682439
535.0751953626168	-1122.3114031930454
536.8827515158337	-1120.399293817114
539.2803345238208	-1117.5769061231986
540.6085815944243	-1115.9309100285172
542.434570362966	-1113.6669940124266
544.368530324602	-1111.291994009167
546.0249023938086	-1109.4426287766546
548.2574463393539	-1106.9846209655516
549.8275147001259	-1105.2562274113297
550.9273071805947	-1102.8597430335358
553.1852417507907	-1101.5733660822734
555.3747559100157	-1099.1788348322734
557.4537964367773	-1096.8706072927453
559.4102783718845	-1094.5162371760234
561.3940430190996	-1092.0970477238297
562.6791382351657	-1090.5319842486642
563.963684132963	-1088.9625262427144
566.3834229029017	-1086.004030145239
568.2894897975493	-1083.6668719397858
570.4006958510727	-1081.0766619788483
571.8423462428618	-1079.308351431042
573.9164429224329	-1076.7957781888545
576.3454590357142	-1073.9150408864953
576.9871826668968	-1071.6286639329046
579.3935547391884	-1070.2973651066422
579.8347168468172	-1068.097291862592
582.1751099132234	-1066.9921893291175
584.4065552266547	-1064.3405779972672
586.2336426294642	-1062.1696795593016
587.6188965355977	-1060.5238055349328
589.1552734874422	-1058.698244013358
591.0671387225157	-1056.4263934260234
592.8090820822981	-1054.3563250666484
595.0137939950218	-1051.735231317114
596.9558105975739	-1049.4244403005578
598.6790161652025	-1047.3736590510234
599.5894775894703	-1045.3625506577082
602.1267700699973	-1043.360109246336
602.8843384295469	-1041.3225115924142
604.8980103052454	-1040.343385615386
607.0893555188086	-1037.954835808836
609.231445364072	-1035.553834831342
610.124206593493	-1033.402101433836
612.1451416516211	-1032.2832049503922
613.9519043477485	-1030.234376825858
615.537597707822	-1028.400514521636
616.9097900906345	-1026.8156756507233
618.8706055184593	-1024.5523699894547
621.065246632963	-1022.0175189133734
622.87023930758	-1019.933046260383
624.9674683134072	-1017.5105609078892
626.6179199735052	-1015.6035174485296
628.8017578624422	-1013.0806902996264
630.5648804211523	-1011.0437029968016
632.7873535667313	-1008.475770866964
634.5506592310267	-1006.438417351339
636.2670288594672	-1004.4554461627267
637.2180176289403	-1002.3320941105485
639.1253052275861	-1001.153749382589
640.9635620632907	-999.0307635418139
642.9956055196235	-996.6831683283672
644.341918996186	-995.1277484078892
646.3516235861462	-992.807802118361
648.0573730979813	-990.8377703805454
649.8388062030426	-988.7872332716361
651.5578613778343	-986.6291522136889
652.6359863778343	-984.9053973341361
653.657531789213	-983.1076068077236
655.2766724129324	-980.2907733106986
657.0009155782172	-977.3013323908672
658.0778198749758	-975.4355486999266
659.1631470229477	-973.2009295588359
660.2381592313759	-970.4536151071079
660.98278813652	-968.4280413752422
661.5339966338361	-966.0729998680763
661.9549561062595	-963.6804217468016
662.2365112817497	-961.4804095379077
662.4935303253005	-959.4766253638081
662.5939941907418	-957.012147820089
662.4566040552454	-954.5999774094671
662.016296436952	-951.0884417644702
661.5407715358306	-947.9951800461859
660.9066772961523	-945.8518695025705
660.1369019055273	-943.7498797527514
659.6998901871266	-941.3085345383734
658.487060598447	-939.7176531911828
657.3157349142712	-937.807802116964
655.973083546618	-935.7141741896048
654.3535156752914	-933.1918963566422
652.974304249452	-931.4391497750767
650.5153809093172	-929.0053729200736
648.9197388206376	-927.4293231163174
647.6515503441915	-925.4109515310265
645.4137573739281	-923.9541644230485
644.1848755382234	-921.9519061227329
641.846008352004	-920.808290399611
640.2915039579384	-919.4616717449389
638.4920044454047	-917.9033831707202
636.8906860865536	-916.5167864924297
635.3555298354477	-915.1874407883734
633.4740601102822	-913.5580462599173
631.6350708510727	-911.9655779977329
629.4797363787075	-910.0995501647703
627.3659058118355	-908.2700823894702
625.6277466319734	-906.7661151052453
623.4080200708122	-904.8446673504077
622.4505615741946	-902.8859881553799
619.9927368671633	-901.8877581744455
617.8212891141884	-900.0083636422642
615.3790894054109	-897.8956317044795
613.0109253439587	-895.8472918644547
611.7156372574391	-893.585634148214
609.0657959498931	-892.4331072908826
606.9218750514556	-890.5943621769547
604.5994873545715	-888.6604022174142
602.6950684098992	-887.0593279972672
600.4402466330212	-885.1680926447734
598.7371826685849	-883.7406024103984
596.2832031748258	-881.6832293639891
594.6287231955212	-880.2940081721172
592.9928589381743	-878.9187640333548
592.0899658714188	-876.874452508986
589.0595703622676	-875.6165179400705
585.6349487812258	-872.7418841491453
582.9705811050953	-870.5051898136735
581.4347534686094	-869.2155779977329
579.2498169444152	-867.3811663757078
576.1947632340016	-864.8161029014736
574.0420532732387	-863.0089129586704
571.6837158708367	-861.029237665236
570.556457571045	-858.7035540738143
567.8792725123931	-857.8346575866453
566.277954152436	-856.4898089556955
563.9061890164157	-854.4977435250767
561.4325562037993	-852.4207781925797
558.9149780791486	-850.3068255553953
556.7971802260727	-848.528261104133
554.2937012229813	-846.424928585533
551.9064331571572	-844.4196795583703
550.6613770049298	-842.5543231158517
547.4052124536829	-841.0222796550952
545.0329590358306	-839.2930316082202
543.6264648957876	-837.6049822927453
540.9702148957876	-836.9210223318078
538.7044067902025	-835.9636859064922
536.3895874537411	-835.2868060236797
533.190185598738	-834.7486590519547
530.2687988789985	-834.6082171555609
527.6348267117282	-834.7142352233641
525.0459595227148	-834.7966326847672
522.7174683131161	-834.9141253568232
519.5648804223165	-835.4182147164829
517.2635498553282	-836.0704974289984
514.5888672374422	-836.877626339905
512.3129883325892	-837.5564593439922
510.18420415214496	-838.2089251647703
507.57070927822497	-839.2535418639891
505.18307500222	-840.5977191105485
503.3999939475325	-841.8226336617954
501.1699219264556	-843.3554705763236
499.4537048836937	-844.5237445025705
497.20764165208675	-846.2291278024204
494.8827209981391	-848.5174578772858
493.0192871594336	-850.4067401066422
491.3371887721587	-852.1407488938421
490.0195007835282	-853.7645281925797
488.5154419458704	-855.8452777024359
486.91473393683555	-858.0460833692923
485.55172734573716	-859.919374383986
483.8916016132571	-862.1988543644547
482.53692632110324	-864.0599383478984
480.81716924137436	-866.4237689147703
479.99914555822033	-868.6520404014736
478.31954961048905	-869.8574847332202
476.53634648711886	-872.3136004596017
474.6522522486048	-874.7688006507233
472.59759526560083	-877.2594622755423
470.76498418219853	-879.4757098318078
468.94354253239	-881.6782855172642
466.9131775406422	-884.1228045593016
465.4840393565828	-885.8484515324235
463.7029419464525	-888.0027484050952
462.25070195423905	-889.7600726247765
460.3305359404767	-892.062929072883
459.2965393571649	-894.8529070983641
457.26818852772703	-895.694520868361
455.32736211130396	-897.9964007511735
453.4684753922047	-900.2010516296141
452.1282654317911	-901.7926653991453
450.19021611544304	-903.9918231144547
448.0502319842344	-906.3835467454046
446.35720830393257	-908.2779559264891
444.28695683844853	-910.5932025080547
442.57064824318513	-912.5496234074235
440.65130620414857	-914.7673968449235
439.631500295829	-916.9490374713205
437.77334599918686	-918.0896014319733
436.20388799044304	-919.900575555861
434.61074834130704	-921.738954462111
432.75823979766574	-923.8759783878922
430.88467412337195	-926.0369280935265
429.38363652525004	-927.7692889343016
427.57910161442123	-929.8519305367954
425.0987549339188	-932.7132586603984
423.75155644631013	-934.2674578791484
422.08883672137745	-936.185731807258
420.5214233903098	-937.9937152066268
418.796539356641	-939.9827288775705
417.29660039179726	-941.7125262394547
415.96490483684465	-943.2484149108641
414.6436768078711	-944.7749041672796
413.7156067392789	-946.7902850285172
411.47402959293686	-948.4586199899204
409.3854675802868	-950.9384783906862
408.0229187516961	-952.5922869811766
406.1234131373931	-954.8948382511735
404.6718445328879	-956.6546038785018
402.82382207293995	-958.8953875666484
400.94464116357267	-961.1720599289984
399.06140141771175	-963.4501971411519
397.580627491232	-965.2407244811766
395.97897343942896	-967.1793841491453
394.2692871601903	-969.2484759455547
392.9498291532509	-970.8454608106986
391.4829712425126	-972.6212176452391
389.9557495616609	-974.470155632589
388.3371277364786	-976.4297503582202
386.9019470720086	-978.1669329758734
385.4545593779185	-979.9189471360296
384.2541199234547	-982.0490740938112
382.5319519562181	-983.4605120816268
381.1146240733797	-985.1780413761735
379.3207092782832	-987.3499774094671
377.96853642875794	-988.9856585655361
376.1974182644626	-991.1279315100983
374.90667729772395	-992.6883563175797
373.0224304704461	-994.9663714547642
371.44784550962504	-996.8709735055454
370.16406255122274	-998.4244403038174
368.89468388818204	-1000.5169085650705
367.270263723447	-1001.9269427428953
365.4893188975984	-1004.0846575875767
363.8127747096587	-1006.1219500671141
362.1927185570821	-1007.9152239938267
359.83956914325245	-1009.6499041733332
357.5542603045469	-1011.1220721369609
355.30075078399386	-1012.0938738961704
352.84423833177425	-1012.5859393249266
350.6707153819734	-1012.5188616886735
348.27676396718016	-1011.8599261441268
346.52264409296913	-1010.5490740900859
343.906158498663	-1009.6349505577236
341.88323979766574	-1008.5835589533672
339.52493291103747	-1007.1187762385234
336.77389531349763	-1005.3468646174297
334.5479736836278	-1003.9086932349019
332.78872685704846	-1002.7686785841361
330.4131165060098	-1001.226747430861
329.07861333247274	-999.6102313194424
326.8010559598915	-998.8280047550797
324.68557744380087	-997.3594988952391
322.71060185693204	-995.9842547546141
321.0566406749422	-994.8305682349019
318.67337041161954	-993.0525530925952
316.54806523537263	-991.3950823904015
313.82958989427425	-989.2697161803953
311.5922852073563	-987.5151995792985
308.6826172375004	-985.2259539719671
305.6934814970009	-982.8653582711704
302.8652954616118	-980.6235369816422
300.5108948253328	-978.7511004558764
298.76947026501875	-977.3617571983486
296.34399419254623	-975.4202288733795
292.6838379406836	-972.4763201843016
290.2847595725907	-970.5899066110142
288.29574590025004	-969.0369891282171
285.02517705375794	-966.474794305861
282.0370789077133	-964.1248187175952
280.2046814477071	-962.6802996783517
278.39639287343016	-961.2521380577236
276.66156011039857	-959.879091180861
275.025756886811	-958.5813616882078
271.9392700698809	-956.1863421541639
269.9446716818493	-954.6557635427453
268.17227177869063	-953.2965716505423
266.36401372175897	-951.9089373704046
264.7078857937595	-950.6340350289829
262.9483337921556	-949.3161639305763
261.22680669184774	-948.0847796564922
259.4201660658582	-946.8218402010389
257.25631718849763	-945.3185443053953
255.38983159302734	-944.026552116964
253.5665741485427	-942.7590350266546
251.50695805816213	-941.3236712613143
250.2533569848165	-938.8551653991453
248.0752106223954	-938.8551653991453
246.44624333595857	-937.6599749694578
244.36688237532508	-936.1311053424142
242.30154424149077	-934.6130999703892
240.55424504645634	-933.3314837608486
238.80458073923364	-932.036317741964
236.79229741392191	-930.5303362971172
235.33404546056408	-928.1121234083548
233.56855778978206	-926.8465594444424
230.2378082786454	-925.6134051475674
228.5725403346587	-924.3585833674297
226.67201238067355	-922.9219988947734
223.70648198446725	-920.6828021174297
221.97419743816135	-919.3828753624111
219.05447392712813	-917.1970843421295
215.94061284442432	-914.8620623718016
214.26350407925202	-913.6035784841515
212.57115178357344	-912.3341693026014
210.27865605638362	-910.6158465524204
208.07057194958907	-908.9615496755578
205.28280644700862	-906.8717669611797
202.09461980254855	-904.4813250666484
199.28540044056717	-902.3750018291175
197.52522282954305	-901.0556658878922
195.66375737613998	-899.6607684278861
194.0201721690828	-898.4284075852484
191.16789250593865	-896.3145159836859
188.4857636000961	-894.3380755553953
185.74310307879932	-892.3167132511735
182.88951116008684	-890.2132586599328
179.91920476290397	-888.0769061213359
177.13925176061457	-886.1555804405361
174.438034109422	-884.2888812208548
171.25593571993522	-882.0878924499266
168.67784123762976	-880.3032244844362
167.91429143352434	-878.143800649792
165.55636601801962	-878.143800649792
162.9101563008735	-876.2460955772549
159.91926579730352	-874.0543231111951
157.3761292010313	-872.1948260422796
154.78775029443204	-870.2539080749266
152.00611882616067	-868.0587786827236
149.44546513806563	-866.0363177428953
146.94786076853052	-864.0645159864798
144.6292572534876	-862.2354754572734
143.35879521782044	-860.2597674508579
141.06109624297824	-859.4213275071234
139.34480290836655	-858.0679339529015
136.80250554374652	-856.0229510441422
134.4578552756575	-854.1102923518047
132.1089935801574	-852.1958636427298
129.42718510847772	-850.0120257488452
127.03778081259225	-848.0669573899359
124.7474136853125	-846.2028826815076
122.76821904460667	-844.5926531897858
120.24897771206452	-842.5433367853984
118.03329472849146	-840.7263201824389
116.38179784233216	-839.2905902033672
113.9422302764724	-837.1589373694733
112.22518163063796	-835.6599749717861
110.07071690808516	-833.7789935227484
108.1670151274302	-832.1159686218016
106.03155522793531	-830.2484149090014
103.48259740282083	-828.0476702814922
101.5912933863001	-826.5062884474173
99.82609563256847	-825.0672015291639
97.83103948039934	-823.4390887366608
95.60379796253983	-821.6217669588514
93.53704839077545	-819.935487666633
91.95935826690402	-818.6481951833703
90.25009923410835	-817.2535418663174
88.50582890916849	-815.8303851238452
86.78176121955039	-814.4238299522549
85.08110051433323	-813.0361346364953
82.76097874931293	-811.141054071486
80.70256047591101	-809.4582537799142
79.05372624768643	-808.1091937208548
77.07720952341333	-806.4908465477638
75.14049535105005	-804.9038714524359
72.72222142643295	-802.9212054372765
70.60384373960551	-801.1827410846017
68.64744573016651	-799.5760516310111
65.99091344117187	-797.3928240910172
63.533874563581776	-795.3753069979139
61.024318745709024	-793.3300799499266
58.7308960473747	-791.4597186213359
56.10835271101678	-789.3159197950736
54.526985220378265	-788.0842913724482
51.58203892922029	-785.9011859083548
50.47884755383711	-783.8687152075581
47.28593068465125	-782.7283343435265
44.439888052409515	-780.6318987989798
41.48832707782276	-778.3219622750767
40.03195195610169	-775.7432269239798
37.04235844849609	-774.770448602736
34.059707691776566	-772.3838519239798
32.247135212412104	-770.9292620774359
30.609127094619907	-769.6149310241453
27.64115147886332	-767.2327899113297
27.057870916381944	-765.053895869758
24.93989186658291	-765.053895869758
22.756395390606485	-763.2952899103984
21.371805242728442	-761.3126238966361
18.609745075460523	-760.0340594416484
17.021684697654564	-758.7908953810111
15.184220364957582	-757.3524798536673
13.591630985960364	-756.1049822908826
11.288222364266403	-754.2991351247765
9.484843304962851	-752.8837298545986
7.8341680077137426	-751.6328753582202
4.754867128096521	-749.5242938175797
2.392843296402134	-747.9854144197889
0.2768351060221903	-746.6069354196079
-2.425509640655946	-744.8416155958548
-3.5547139142872766	-742.7921160818078
-5.558009097119793	-742.7921160818078
-6.66533560375683	-741.0100726229139
-9.92606730083935	-739.933717648033
-13.441319414647296	-737.6304949903861
-15.189951846550684	-736.483827508986
-18.093036600388587	-734.5793475289829
-21.684732385794632	-732.2171038771048
-23.51387209550012	-730.9292620760389
-24.869920680532232	-728.6239031925797
-26.562147089862265	-727.1843279986642
-29.58091921452433	-726.3135394258425
-31.427202173974365	-724.8959979186766
-33.02149576833472	-723.6690692091361
-34.89089197857538	-722.1847552410327
-38.00897211604752	-719.4902972374111
-41.40315622917842	-716.4913348341361
-44.21529001952149	-713.9973162757233
-45.96001429238822	-712.4439105154015
-47.75172800687142	-710.8428362975828
-49.82454676297493	-708.9840106130578
-51.629615732992534	-707.3591937189922
-54.68695063178893	-704.594667352736
-57.781204172526486	-701.7806414710358
-59.47232813440496	-700.2351702833548
-61.214939065568615	-698.6386736989953
-63.03107828780776	-697.0396746774204
-64.87571711291093	-695.5072039724328
-66.9656524148304	-693.814393916633
-68.58943171123974	-692.5130633506924
-70.96615595417097	-690.6130389343016
-74.1678618870792	-688.0454730158672
-76.28501886955928	-686.350038447883
-78.37911219173111	-684.6757220393047
-80.12805170728825	-683.2800311231986
-82.62750238971785	-681.2906512371264
-84.45278162648901	-679.8425311227329
-86.60993952525314	-678.1379412789829
-88.70100397680653	-676.4859637413174
-90.83354944869643	-674.7938861004077
-93.28723139537033	-672.8440569983795
-95.92920679738745	-670.7467059264891
-98.26419825159246	-668.9052142286673
-100.06237787945429	-667.4888934255578
-102.14820856723236	-665.8469256549142
-103.7734374483116	-664.56756773917
-105.92394251399674	-662.8752459664829
-108.01025385485264	-661.2338275094517
-109.29694361332804	-658.6032733097672
-111.35265345295193	-658.6032733097672
-113.34963221126236	-657.0315569993109
-115.31006617215462	-655.4889544588514
-119.03804010915337	-652.5563983097672
-122.41275782347657	-649.9223040733486
-124.56780237850035	-648.2601336590014
-127.42136377951829	-646.0593279954046
-129.8637999976636	-644.1729144207202
-133.0787353005726	-641.690858760383
-134.79940790729597	-640.3631610046141
-136.762451120303	-638.8488787766546
-140.33596796751954	-636.0905169644393
-142.1576079808874	-634.683534540236
-144.1776275129523	-633.1225604172796
-147.44837946636835	-630.5949725266546
-150.879013009544	-627.943483273033
-153.1574401340913	-626.1823138408363
-155.07681269204477	-624.6990374699235
-157.27931208338123	-622.9970111032017
-159.12400812690612	-621.5716570955701
-160.71678156591952	-620.3408831730485
-163.12895197619218	-618.4766863924451
-164.96586603764445	-617.0565203772858
-166.51031488977605	-614.984315788839
-170.51617426623125	-612.7642230172642
-172.5385894268984	-611.2006854186766
-175.8348082981538	-608.6519183292985
-177.84982294763904	-607.0939349303953
-181.4836272688699	-604.2840594421141
-183.16575617424678	-602.9834002628922
-185.07490534556564	-601.5071429372765
-188.02934260095935	-599.2225970425643
-190.1847838840331	-597.5561541714706
-191.85757441213354	-596.262880243361
-193.5444030254148	-594.9587420593016
-195.26287836802658	-593.6301287789829
-196.8410949195968	-591.3826922550797
-199.53215021791402	-590.3310565138236
-201.26939386909362	-588.9887103196234
-204.81907648738706	-586.2449359050952
-206.58328241977142	-584.8808001615107
-209.27194208855508	-582.802186882589
-210.94349665392656	-581.509950557258
-212.63076777232345	-580.2058734060265
-215.8820952854585	-577.6928118844517
-217.49523920740467	-576.445497428067
-220.04060358623974	-574.4765032911673
-221.6809844452655	-573.2073382493109
-223.31971735710977	-571.9395770225674
-224.49504084174987	-570.275575557258
-227.36897272709757	-568.8076190142892
-229.8599395233905	-566.8798236022703
-231.70405573560856	-565.4472674462013
-234.19030756573193	-563.5089129563421
-235.62661737989401	-561.2427386427298
-237.93487543746596	-560.6018084632233
-240.70793146680808	-558.4520281921141
-243.43687433813466	-556.3374041691422
-245.41867060412187	-554.8013323904015
-247.3641356920707	-553.2927874713205
-249.601562448428	-551.558290399611
-252.17018122359877	-549.5689105167985
-254.3135833221022	-547.9108294616453
-256.07070917857345	-546.5523089533672
-258.0944518526085	-544.9876727233641
-260.4396361800609	-543.1738909841515
-261.71545405016514	-541.3992938171141
-263.9757689909311	-540.4395159850828
-266.0813598133391	-538.8128069997765
-267.0882262667292	-536.9634417677298
-269.33215326978825	-536.3027361999266
-271.5298461407656	-534.6065692091361
-273.7100524381967	-532.9236468444578
-275.8468017074629	-531.274598993361
-277.8537597138202	-529.7266863952391
-279.8474120584433	-528.1887835646048
-281.8498534645187	-526.6435565138236
-283.81600946956314	-525.1256732116453
-285.52709955821047	-523.8050555367954
-287.5951232400257	-522.2102679400705
-289.22012323938543	-520.9566058311611
-291.07904047734337	-519.5230120797642
-292.97399897139985	-518.0618304358795
-294.68167109275237	-516.7417620774359
-296.59860224474687	-515.3538836622611
-298.577789254603	-514.0226458688267
-300.0232543434249	-512.6370867853984
-301.90109247830696	-511.7759722867049
-303.8104247545125	-510.48321715928614
-306.4918517555343	-508.66662779962644
-308.3041381314979	-507.43792906962335
-310.86184687243076	-505.7026385422796
-313.02832026197575	-504.23172179516405
-315.1095275369007	-502.81756773917004
-317.75503534905147	-501.018495479133
-319.6432189428597	-499.7330645704642
-322.4733581036562	-497.8047198439017
-323.9414367157733	-495.8350543132983
-326.70837397139985	-494.91696349391714
-329.0371398423449	-493.31524840788916
-331.3881835420034	-491.62939635524526
-333.31771845481126	-490.23901549726725
-334.81228632538114	-487.97656432632357
-337.1932067354792	-487.24707213649526
-338.8367309056921	-485.94568053493276
-341.72857660858426	-483.64700499828905
-343.23294062318746	-481.2175921560265
-346.2955932096811	-479.990419304464
-349.0762328594574	-477.74823180772364
-352.2142943824292	-475.2065447936766
-353.95376581756864	-473.79638854274526
-356.69943232205696	-471.56924620922655
-360.0775145967491	-468.82760802609846
-361.86672968417406	-467.37472716812044
-364.9863891088171	-464.83871642220765
-368.1188964344328	-462.2914141830988
-369.8476256824797	-460.88562194490805
-372.7729491686914	-458.5059832739644
-375.0812987777754	-456.62646667007357
-378.62530512484955	-453.7386492853984
-381.34744257689454	-451.5207537780516
-382.9519347641617	-450.21383849484846
-384.8667296858039	-448.6543902559206
-386.6562194315484	-447.19677917007357
-388.43399042770034	-445.7488726726733
-391.4627074690652	-443.28335753735155
-392.79248041741084	-440.77252379618585
-396.08682245889213	-439.52295104507357
-398.82592768396717	-437.2964190598577
-400.41241449903464	-436.0067767300643
-401.97415156126954	-434.73745910450816
-405.0504149871995	-432.2378863473423
-406.60693354246905	-430.97348204860464
-409.52374262560625	-428.6036395202391
-411.5826110339258	-426.9307269239798
-413.09417719452176	-424.13418761547655
-415.0242614240851	-422.86383238993585
-417.5097960907733	-422.11407653056085
-419.0694579561241	-420.84658995782956
-421.85073847533204	-418.5862750164233
-424.2657775374828	-416.6240862971172
-427.3211364237941	-414.14334288984537
-429.9720458476222	-411.9915179419331
-432.60647578007774	-409.87164489133283
-435.1648559056339	-407.8152789263986
-437.70782465604134	-405.77185241226107
-439.7171325168456	-404.15646544797346
-442.14352411800064	-402.1992205744609
-444.37265009549446	-400.4064654498361
-446.2681273907656	-398.88388244155794
-448.4661559552769	-397.1174334655516
-451.2596740217414	-394.87158385757357
-453.5354918918456	-393.0419940124266
-455.5690001922776	-391.40771666774526
-457.452239938837	-389.8957232600078
-459.66766352392733	-388.1248187199235
-462.0982970678597	-386.1899737478234
-463.8850097153336	-384.76407042797655
-465.9628905735444	-383.1047076364048
-467.5475463352632	-381.8390216003172
-469.3140868631308	-380.42831603391096
-471.39260859123897	-378.7692584176548
-473.79464716662187	-376.8522967463359
-475.38644404162187	-375.5816363468766
-477.3773803211516	-373.9929217477329
-479.87658686353825	-371.9986590510234
-482.2129516080022	-370.13968078047037
-484.46542353200493	-368.13702575070783
-485.9566344706109	-366.75287047959864
-487.5882262667874	-365.1635760436766
-489.26483149221167	-362.94540587672964
-490.5380553691648	-360.9588030925952
-492.0423888649675	-358.6430987478234
-493.13659662764985	-356.6040362515487
-494.37268061283976	-354.0032061692327
-494.81497187278	-351.97799865109846
-495.7585753877647	-350.0845965524204
-496.5266723126406	-347.2888201843016
-496.87655634473776	-345.3032550001517
-497.1707763168961	-343.11560240993276
-497.2779845687328	-341.07306090462953
-497.23095698078396	-338.9392718449235
-497.0091552217491	-335.9747637878172
-496.72228998783976	-333.8185137878172
-496.2509459941648	-331.64447203977033
-495.12796015432104	-328.78918639570475
-493.8735656226636	-326.09878722717986
-492.76452631654684	-324.33801452303305
-491.1711425270187	-322.08227721601725
-489.5070800273679	-320.2465838571079
-488.00906367064454	-318.6610430870205
-486.3962096652831	-317.24893371155486
-484.68444819014985	-315.7726458660327
-482.9312133282656	-314.48001281311736
-480.6368102520355	-312.85663024010137
-478.6619567356538	-311.4526995806955
-476.903686471167	-310.2031573401764
-474.9424743139534	-308.80929747829214
-472.9985351055511	-307.42779723834246
-470.85992426623125	-305.90851012896746
-468.73233027139213	-304.39319030335173
-466.68637079925975	-303.01355163101107
-465.3635558579117	-301.4215106163174
-463.1265868630726	-300.6641558771953
-461.88000483147334	-299.0030230646953
-459.7408446756308	-298.4382037264295
-457.94149775244296	-297.25531188212335
-455.42312617076095	-295.5997943081893
-453.0676574202953	-294.05264464765787
-450.3717345686164	-292.2805194039829
-447.4237060028827	-290.3424395713955
-444.7916869603796	-288.61377135524526
-441.5306701143272	-286.4718340989202
-438.43206782010384	-284.4375628596172
-435.7383422340499	-282.6699237008579
-432.46954340685625	-280.5236834678799
-429.49673456855817	-278.5695513864048
-427.8095397440484	-277.4613665724173
-424.1832885238109	-275.0810565124266
-421.21826166822575	-273.13540831999853
-419.3752440898679	-271.92685118783265
-416.0395202129148	-269.7384966961108
-414.20669550664024	-268.53653136687353
-413.0209960427019	-266.34201231971383
-410.8598327131476	-266.34201231971383
-408.4777831513202	-264.80447570141405
-405.048034616746	-262.6526507502422
-403.1089782206691	-261.43829528056085
-401.1669921358116	-260.225618282333
-397.77526850340655	-258.1050738459453
-396.07125849300064	-257.0409869328141
-391.92065424565226	-254.44958678400144
-389.8928222141694	-253.18403808120638
-386.2400512195891	-250.90490905335173
-383.7753295399016	-249.3672351008281
-379.56161493994296	-246.7396258506924
-377.5729979951866	-245.4997271699831
-374.187591501046	-243.38325682934374
-371.3966674290132	-241.63627807190642
-369.54071039892733	-240.47404662519693
-367.2178344215499	-239.01996032427996
-363.4403075668379	-236.65852538589388
-361.10778803529684	-235.20210448745638
-359.04553217592184	-233.91249267058447
-356.6011352026835	-232.38498107297346
-354.3008727512788	-230.94966308074072
-352.00891108077485	-229.52043334161863
-348.08453363960143	-227.07417479949072
-345.8837584933499	-225.7023181086406
-343.8200377896428	-224.4156664973125
-342.51327509456314	-221.9423083444126
-339.85552973410813	-221.9423083444126
-337.67745966557413	-220.5827960134484
-333.48138422705233	-217.96675292495638
-331.4007262677187	-216.6697863698937
-328.2356261701789	-214.6991290235892
-325.97344965697266	-213.29005614714697
-324.57135004608426	-211.09428588300943
-322.4639892076957	-211.09428588300943
-320.61267084721476	-209.93652526428923
-318.4127196765039	-208.56251708231866
-316.23825068137376	-207.20491210278124
-314.46588129660813	-206.0982989454642
-312.1121825672453	-204.6275042644702
-308.54974360065535	-202.40326109947637
-305.30224604182877	-200.37564269499853
-303.39385981240775	-199.18428221996874
-301.5246276350226	-198.01754943141714
-299.6612548326375	-196.85463134152815
-297.8010253388202	-195.6936663785018
-295.97833246854134	-194.55574218323454
-294.21658320119604	-193.4552325368859
-292.36541743029375	-192.29882994992658
-290.9202269994421	-190.21563903335482
-286.93743891408667	-188.90881530428305
-283.7989196269773	-186.95010558562353
-281.89193720481126	-185.76002684934065
-279.97897333675064	-184.56588927702978
-277.9934081521933	-183.32612792262807
-276.0255431624246	-182.0973681542091
-274.1311645003734	-180.91449157241732
-270.7253417450702	-178.78755370620638
-268.86920160864247	-177.6282824636437
-264.9680480437819	-175.19186583859846
-262.9562072241679	-173.9354571462609
-259.30529779964127	-171.6552752647549
-255.10826105769956	-169.03456298308447
-250.79914850945352	-166.34579650172964
-248.63798517896794	-164.99765197373927
-246.28845209791325	-163.53160277660936
-244.37780756532447	-162.33914367156103
-242.18568415386835	-160.97081175958738
-239.90484613948502	-159.54686156800017
-238.340148875257	-157.2069110055454
-236.15830988634843	-157.2069110055454
-233.94119257561397	-155.8222521925345
-230.00419611635152	-153.36496154265478
-228.00389093969716	-152.11650267941877
-225.97137446160195	-150.84787169657648
-224.27261347451713	-149.78767577325925
-222.22143549507018	-148.50769225601107
-220.17948908399558	-147.23423949768767
-216.673950144439	-145.01571837672964
-214.78656000777846	-143.8046130342409
-210.48852534062462	-141.0281085143797
-208.79238886456005	-139.9157122708857
-206.96659845975228	-138.7160052456893
-203.55343622760847	-136.47322264732793
-201.7637481171405	-135.2978839050047
-199.58930964150932	-133.86882201768458
-197.77220148814376	-132.7045001159422
-194.99752802506555	-130.99026672029868
-192.63093561731512	-129.53885070374236
-189.57456965127494	-127.66285888059065
-186.29022211651318	-125.64390746783465
-184.4539031481254	-124.5146960397251
-181.14041132497368	-122.47701446153224
-178.45587153127417	-120.82571593299508
-176.13058466510847	-119.3950671334751
-172.81510920263827	-117.35468474868685
-170.4141082247952	-115.87620727159083
-168.70628351776395	-114.8243731665425
-165.43721003236715	-112.81153289042413
-162.54014582338277	-111.02837554365396
-160.74931330338586	-109.9263323941268
-158.15518183261156	-108.33117095194757
-156.44099421123974	-107.2390078692697
-155.0382689916296	-105.26419249828905
-151.0882110085804	-103.78943816339597
-148.17127985635307	-101.91323272231966
-145.29627985530533	-100.06366912275553
-142.4692992644268	-98.24401275161654
-139.75698847416788	-96.49730864912271
-137.31068415369373	-94.92238799436018
-134.66175837197807	-93.21815673168749
-132.25152582884766	-91.6679705735296
-130.12184137874283	-90.29829588998109
-127.40895075537264	-88.55269042169675
-124.8628158060601	-86.91387359099463
-122.69534296705388	-85.51838866434991
-120.1762313322397	-83.89676848659292
-117.97212214180036	-82.47884551575407
-115.76235193759203	-81.05771056422964
-113.75150293996558	-79.76358977565542
-111.34435267059598	-78.21382323745638
-109.25151056871982	-76.86670104181394
-107.0731276946608	-75.46452513989061
-104.89985651685856	-74.06538573652506
-103.03581995610148	-72.86500731762499
-100.57502741471399	-71.28006926737726
-98.36093897424871	-69.85013762954623
-95.6436614485574	-68.22738829953596
-92.94853968371172	-66.69040099484846
-90.61949915532023	-65.36440459638834
-87.97205347649287	-63.8596476665698
-85.12905878701713	-62.2485560560599
-82.56985468580388	-60.80285445600748
-79.66400904289912	-59.11115829227492
-76.63268275005976	-57.301252281758934
-73.9945601898944	-55.72973815212026
-72.74068445787998	-53.969739832449704
-69.46382898872253	-52.988149559590966
-67.26352686545579	-51.62964812666178
-65.49216456187423	-50.53685942897573
-62.786518046981655	-48.86858550366014
-60.26613993337378	-47.314500727225095
-57.97990793763893	-45.90458480315283
-54.871997781214304	-43.987897789571434
-52.371814676211216	-42.44790450390428
-49.336685128626414	-40.58685866603628
-46.69900126219727	-38.91694060713053
-44.536140390555374	-37.482816614210606
-42.747245738166384	-36.29503051145002
-40.1351623016526	-34.56392852123827
-37.42650980618782	-32.7687701350078
-35.20294565916993	-31.294595636893064
-33.84734720963752	-29.61013213871047
-31.79325861565303	-29.03566543199122
-29.963949151919223	-27.82379905320704
-27.40786356490571	-26.126766122411937
-25.210769601806533	-24.66407577134669
-22.698480554739945	-22.964689174667
-20.875326105742715	-21.733037865255028
-18.287927577155642	-19.89784232294187
-16.303914973395877	-18.415977395139635
-14.381468722305726	-16.983096992131323
-12.249430605967063	-15.396468081977218
-10.293780276551843	-13.941003717016429
-8.066966005251743	-12.283595003187656
-5.63881725887768	-10.476365959271789
-3.3228136975085363	-8.751807132735848
-1.5926300967112184	-7.463420312386006
1.1200237773591653	-5.445642866194248
2.678703121782746	-3.6230014939792454
4.588078549248166	-2.8492058888077736
6.491842321003787	-1.3973075542598963
8.862357190228067	0.40828763600438833
10.81092839653138	1.8934826501645148
12.511534742778167	3.1893118247389793
14.461665205308236	4.675097547005862
16.229194691288285	6.021591744851321
17.560808232985437	7.6156616997905076
19.559711508161854	8.555106244515628
21.369344761711545	10.038202367722988
23.487669042660855	11.876617512665689
25.431848576874472	13.56927498523146
27.692819646035787	15.541990362573415
29.772140553686768	17.360221941955388
32.04315953596961	19.350490652024746
34.37693028803915	21.401495061349124
37.064643910038285	23.76496895449236
39.29341893421952	25.724374853540212
41.436878255277406	27.608715139329433
43.45464329945389	29.382537925615907
46.054855398018844	31.66552742710337
47.97269063396379	33.34838684881106
50.299984028795734	35.39353378629312
52.229694416571874	37.08949860278517
54.0468636067817	38.684999550227076
56.309936574310996	40.67228134768084
58.279464771505445	42.40189941972494
60.12146764167119	44.0192776536569
61.96246724395314	45.635721288621426
64.7158279933501	48.05321701569483
65.66648106917273	49.82484253728762
67.95682530722115	50.899034581147134
70.27420048962813	52.93399628344923
72.15746312472038	54.58789643086493
74.60601811751258	56.73826797911897
77.22518163110362	59.042242132127285
78.38223271642346	61.19536026613787
80.96401219750987	62.164815987460315
83.3864670310868	64.16881379159167
86.1501160179032	66.45817383332178
88.46105199103476	68.37272461503744
91.06893163046334	70.53356751147658
92.57917027740041	72.73055847873911
94.69107060797978	73.53505524201319
96.20840459200554	75.62067230790854
98.6587677502539	76.82244690554217
100.90317540476099	78.6821270827204
103.1255646267673	80.52347382064909
105.17181401583366	82.21884735766798
107.70479588775197	84.31724365521222
109.8017120869481	86.05481537710875
111.91233830770943	87.80412872694433
114.10017400042852	89.61680420581251
115.87284856190672	91.08522613951936
118.38960271107499	93.16927917907014
120.26886754238512	94.7189694265835
122.03450780210551	96.17211731430143
123.8987579861423	97.71222504088655
125.86421971628442	99.33711823169142
127.88996892306022	101.01158722676337
129.45651250123046	102.30640228744596
131.31745915825013	103.85292633902282
132.97320561646484	105.24735077656806
134.51269536232576	106.54173096222803
136.2882080595009	108.03286560531706
138.11285405390663	109.56584748113528
139.57284550910117	111.38342865556479
142.43830876727588	113.21481903735548
144.12637334270403	114.63574035931379
146.2112885026727	116.39175995625556
148.09246831171913	117.97700317995623
150.15135198063217	119.71161469025537
152.13238530408125	121.3798504723236
153.71012883400545	122.70802124636248
155.4823151155142	124.19959839433432
157.38163762481418	125.79814728628844
159.2459412125172	127.36741455504671
160.78762822545832	128.66493042418733
162.42115788755473	130.0393048133701
163.9737091572024	131.34544189926237
165.62770085665397	132.7369976877235
167.6174469498801	134.41128357686102
169.73007207282353	136.18906983127818
171.65621953387745	137.80981262912974
173.3703308616532	139.25192078528926
175.20820622856263	140.79772766772658
176.8123322033789	142.1467419527471
178.83700566587504	143.84939392888919
180.84904485102743	145.4699536175467
182.7067108656047	146.73708923859522
184.8390961199184	148.15196045534685
187.05247502657585	149.04792603012174
189.0518951927079	149.7038250803016
191.41282659000717	150.2748394832015
193.79280095506692	150.68714722525328
195.96186833799584	150.8821545462124
198.22979741438758	150.97451599733904
200.50923161761602	150.96354492753744
203.35011296597077	150.81411560764536
205.5644379168516	150.4900799607858
207.59371953381924	149.96227844711393
209.6836853545392	149.25630005495623
211.47175603208598	148.33242615358904
213.54499821888749	147.62138184020296
215.44050603202777	146.63793762773275
217.4927368669305	145.47022827574983
219.28337102173828	144.33267029561102
221.09396367397858	143.19985779561102
222.6790619409876	141.41801270097494
225.03424077329691	140.72353943204507
227.55072026676498	139.13888367125764
229.45703130110633	137.93777283187956
231.8241882828297	136.44553955364972
234.09103398717707	135.0154553288594
236.2040253187879	133.68063171906397
238.02275090519106	132.5557843055576
240.0207977804821	131.33166321692988
242.75823979795678	129.65318115940318
244.5850983170094	128.53320130007342
247.38813786802348	126.81487854477018
249.7092438248219	125.39249237673357
251.55372624791926	124.26239594025537
253.6423645520117	122.98296936461702
255.88366704405053	121.61022003926337
258.4987793475739	120.00856598652899
260.6694641612703	118.6790371760726
263.17733769782353	117.14278992405161
265.842926077079	115.51001557195559
268.7655029805028	113.72011383576319
271.34393315645866	112.14143189322203
274.3825989284087	110.28169068042189
276.369628957822	109.06619842955843
278.62890630139736	107.68452271167189
281.81921391759533	105.73225220059976
283.5490112819243	104.673566902522
286.0143127947813	103.16496094595641
289.48110966937384	101.04414185276255
291.55749516910873	99.77384003251791
294.562805227004	97.93382843583822
297.4998779814923	96.13612946076319
299.39700322557474	94.97492798604071
302.0518188987626	93.34949310822412
303.84625249169767	92.25056274887174
306.88699345942587	90.38809784501791
309.4326782739954	88.8287793030031
311.1824646505993	87.75701721850783
312.9163818875095	86.6950054988265
315.89398198534036	84.87064941925928
318.9377441906836	83.00416382262483
321.8017578639556	81.24704560125247
323.2743530772277	79.61926849698648
326.0570679224329	78.63751038396731
329.1498413583613	76.73467835132033
331.7508240249008	75.08033569762483
334.07916264946107	73.59722718177363
336.75915532471845	71.85193451587111
339.1250000511063	70.28793915500864
341.52975469012745	68.68060120102018
344.0365295917727	66.88419159455225
346.09674077341333	65.40733917849138
348.3296509300708	63.72556885238737
350.6957703154767	61.92321213521063
352.70877080381615	60.402250374201685
354.9302979018539	58.76165970414877
356.6817932643462	57.47599610174075
358.73178105568513	56.028623662889004
361.06143193575554	54.41420181794092
363.26531987526687	52.99999817414209
365.092895558686	51.82641419162974
367.12091069453163	50.52211197791621
368.94973760005087	49.34532364597544
370.87115483591333	48.1090565524064
372.874664356641	46.82030686084181
375.07391362427734	45.40578278247267
377.1342773946235	44.080450140405446
378.898986867629	42.94541367376223
380.9544983410742	41.62358673568815
382.99917607562384	40.306264956947416
385.09375005133916	39.00151261128485
387.8399353538407	37.316942295990884
390.70791630994063	35.55544480169192
392.63665776501875	34.37098129931837
394.5494385283673	33.18461044738069
396.91207890817896	31.70431908359751
399.71401982568204	29.94984253682196
402.24060063646175	28.36783417314291
404.03939824475674	27.241233906242996
406.3414307143539	25.79831703612581
407.7968750511063	24.220611656084657
410.8855896505993	22.951747975312173
412.98043828312075	21.6389218182303
414.9410095725907	20.411905370187014
416.845123342704	19.21974572027102
418.0423584500095	17.353113254532218
420.7861023453297	16.751987539231777
423.1832886253833	15.251056750304997
424.895263723447	14.17922600498423
427.10464482568204	12.79597671981901
429.0348816437181	11.587963186204433
431.51251225807937	10.038297733291984
433.55841069476446	8.758747183252126
436.41479497315595	6.970956884790212
438.95993047067896	5.376064859796315
441.3831177263637	3.855624516028911
443.56079106684774	2.4893546919338405
445.42269902455155	1.321364605333656
447.49566655571107	0.03794649476185441
450.50747685838724	-1.7348611690104008
451.7782898453879	-3.2882789755240083
453.96871953387745	-3.776388800237328
455.92355351836886	-4.929668341763318
458.2979126489954	-6.330775654874742
460.36370854685083	-7.549767888151109
462.5983887227485	-8.868600762449205
464.8378296402516	-10.190641318447888
467.7391052764142	-11.903366006910801
469.96224980748957	-13.21595374122262
472.78701787348837	-14.884027397725731
475.59848027455155	-16.544551767408848
477.83761601743754	-17.86734572518617
479.7016296889051	-18.968831933569163
482.5767517606728	-20.667583383154124
485.36212163290475	-22.31225959258154
487.8926392098656	-23.80591384274885
490.72326665278524	-25.48802367504686
493.19650273630396	-26.980552589520812
495.3475952660665	-28.278394618071616
496.6527405290399	-29.802982250228524
500.7819214381743	-31.55369368614629
503.5961304222001	-33.24916640808806
506.1618652853067	-34.79546538880095
508.35501103755087	-36.1188677912578
511.3855896501336	-37.94791976036504
514.1355591320316	-39.606428067199886
516.7436523947399	-41.17961684521288
519.8443604013883	-43.04995528655127
522.5916748543968	-44.707818903028965
525.8044434096082	-46.648557579144835
528.8707886241609	-48.498666677158326
531.4385986835114	-50.04636565223336
532.9095459486125	-51.826352993026376
535.8206177276443	-52.688653863500804
538.7560425304109	-54.46059981780127
540.8040771997767	-55.69625655468553
542.2741089375922	-57.509565270040184
545.3045044442406	-58.409749902784824
547.4642334481468	-59.71211425215006
550.0054932155181	-61.245012199971825
552.5459595239954	-62.777490535750985
555.2738647976657	-64.42312041530386
557.7130737802945	-65.89446441177279
560.0806274911738	-67.32255736831576
562.4992065944825	-68.7768038911745
564.8505249534501	-70.03814117005095
566.6495361832203	-70.98276702361181
568.4494629403343	-71.9309786921367
571.8712158722337	-73.73632994899526
573.9330444849329	-74.824647821486
576.4430542489281	-76.14988128142431
578.3676147962688	-77.16579619888216
581.1680298350984	-78.6438616849482
583.3468628440751	-79.7944049006328
586.1681519062258	-81.28433410078287
588.3945313004078	-82.4606265174225
590.5678711453802	-83.60973540646955
593.2798462422797	-84.98069182923064
595.83081059705	-86.1988085876219
598.4598999527516	-87.45971862273291
600.3543091327883	-88.36791411414742
602.5900879420806	-89.43851653626189
605.1773682144703	-90.74621764617041
607.4022827667068	-92.00549498852342
609.3905640160083	-93.12808409892023
611.8436279813759	-94.50959197385237
615.3978271983797	-96.51846495829523
617.236145070754	-97.69454375654459
619.6186523957876	-99.27466002525762
621.7164307140047	-100.66072264825925
623.6719971221173	-101.95191375073045
624.9102173352148	-103.60430327942595
627.413147022482	-104.4224108834751
629.5020752468845	-105.80193511443213
630.8255615742528	-107.58081237366423
633.1601562998258	-108.21809569606557
635.7626953629078	-109.9371050959453
637.9982300319825	-111.4140872117132
640.74237065739	-113.22747985227033
643.7243042492773	-115.19842711649835
644.4940186053282	-117.0493411202915
646.5239868680947	-117.0493411202915
649.6021118665813	-119.08465758617967
652.246887256857	-120.83342925366014
655.1721802266547	-122.76728240586817
657.0068970242282	-123.97998229460791
658.7084351095837	-125.10483733424917
660.0064087428618	-127.20399657543749
662.7724609879078	-127.78966704709455
664.9421997576719	-129.22349730925635
667.1229248550953	-130.66572753479704
669.0434570811922	-131.93622008664533
671.1177368682111	-133.2969073439017
672.808471730561	-134.3804339542985
675.5589600109379	-136.13571349531412
677.2544556173962	-137.2180956969969
679.9869385279017	-138.96371642313898
681.8558960477822	-140.158388054464
683.9998169449391	-141.53140441328287
685.472656300175	-143.51793090254068
688.5332031754078	-144.43460265360773
690.8604126475984	-145.92279235320166
692.445739796618	-147.65973082883283
695.392761280993	-148.82121459115297
697.7728271989617	-150.34300414659083
700.0938110861462	-151.82682982925326
702.9048462426872	-153.62364379316568
704.072204640077	-155.3289202810265
706.8023071801872	-156.11535826791078
708.876525929023	-157.43980590067804
710.6416626482969	-158.56726256478578
712.6194458508398	-159.8305987501517
715.2343750514556	-161.50047484692186
717.539001515368	-162.9714068560861
720.0125122587197	-164.55041686166078
721.8059692899697	-165.69815246062353
724.0419922391302	-167.06205932376906
726.6133423350984	-168.57512084394693
728.4115601101657	-169.63499633129686
730.7516480000922	-171.01474181329831
732.9138794456376	-172.2896136417985
735.2404785663821	-173.66134826326743
738.090148976713	-175.34134093718603
740.1133423359133	-176.53001586347818
742.9031982938759	-178.09288207162172
745.0555420424789	-179.29561034496874
747.4408569840016	-180.6300524836406
749.7823486839188	-181.9400958181359
752.3869629421388	-183.39738646894693
754.6582031750586	-184.66778747178614
756.3569336440996	-186.4118670579046
759.1942139186431	-186.99060240853578
761.8853149928618	-188.3615130535327
764.1688232922461	-189.52473632013425
766.9497681168141	-190.94070617016405
768.6516724131652	-192.8196276780218
772.0540772000095	-193.53883544029668
774.8933105983306	-195.02134887175635
777.1050415553618	-196.21959105832502
779.6714478053618	-197.60724059538916
782.2597046399023	-199.0874499445781
783.7567749537411	-200.77357665682212
786.2819214364281	-201.63575927261263
788.6210938015138	-203.11395446164533
790.3838501479477	-204.22740355646238
792.1132202662993	-205.3195819053799
794.741272022482	-206.98500243527815
796.950927785947	-208.38948241667822
799.3938599142712	-209.9378832927905
801.7064819852822	-211.51170531613752
804.2425537613453	-213.2989367605187
806.6434326682938	-214.9860400306061
808.764160206134	-216.4740923983045
811.4051514187595	-218.3280963068828
813.9087524918723	-220.08897582348436
815.1759644061676	-221.74202147731557
817.4542847179109	-222.78265563445166
818.8063355007907	-224.29579344997182
821.0903931175708	-225.58172790240496
824.0629883312504	-227.88246337277815
826.3436279792804	-229.79042235808447
829.0669556171633	-232.11964598717168
831.4749756372184	-234.18608275800943
834.2904053240782	-236.61172667657956
837.2690430191578	-239.18751708464697
840.3087158710114	-241.82156554516405
843.1151123550953	-244.29225341323763
844.650817921618	-245.69104186445475
845.5823975109961	-247.5351580772549
848.6730957548134	-249.35835448699072
851.0690308114281	-251.5394457941875
853.8513794456958	-254.07333556609228
856.1649780789157	-256.12820616876706
858.9297485855641	-258.56347838789225
861.3406982937595	-260.68811217788607
863.5469360856805	-262.63452330976725
865.325927784259	-264.2044085627422
867.1758423350984	-265.83645812422037
869.8531494650524	-268.19906798703596
871.8237915557111	-269.93722716439515
873.993225148879	-271.8482379107736
875.5407105004997	-273.2249163771048
877.765564015368	-275.2260760432109
879.869201711379	-277.1183184753172
882.0349731949391	-279.0647601271048
883.8872681179782	-280.72955504758283
886.1992188009899	-282.80865661101416
888.2540894057602	-284.65564147382975
890.1617432137136	-286.3694171067327
892.1947632332449	-288.1968707209453
894.0082397967926	-289.8265399117954
895.9020386257325	-291.5283526540734
897.9293213392375	-293.3497637878172
900.2937622567988	-295.4732073927298
902.1371460466762	-297.1288775568828
904.0357056170469	-298.83447448024526
905.7183228036156	-300.34658996062353
907.4164429209777	-301.87317076837644
909.8259888192406	-304.0403155442327
911.9441528837779	-305.94696227181703
914.209533742629	-307.98782530939206
915.8551025904017	-309.46960631851107
917.8275146986125	-311.24588195281103
919.6697388198809	-313.21716491272673
921.2894897976657	-315.0786761394702
922.5166016130242	-316.76980773359537
923.7889404813177	-318.76382628595456
924.7957153834286	-320.50781432539225
925.7798462425126	-322.7030963092111
926.6047974139801	-325.20083800610155
927.8209229020285	-327.60934630874544
928.2947388195316	-329.72232238110155
928.8137817888637	-332.2900103684515
928.2462158708367	-334.6860674973577
926.7387085461523	-336.9580401550047
925.546447803732	-338.7274798536673
924.4628296394949	-340.79107848601416
922.6766357925953	-342.39029113203287
921.3845215355395	-344.0182818546891
919.9453735848074	-345.83081237226725
918.6341553233797	-347.48278991132975
917.2376099132234	-349.2416705233045
915.6125488784746	-351.2887286329642
914.1387939956039	-353.1493853684515
912.7056274911156	-354.8727740412578
911.0772095230641	-356.7439288259484
909.3126831564587	-358.76724425703287
907.519104054023	-360.8222064143047
905.9039917499758	-362.6731585646048
904.2277222180273	-364.5936907911673
903.2997437036829	-366.54467956069857
901.5341797391884	-367.6792620792985
899.4769897974329	-370.03561583859846
897.6035156764556	-372.18118468346074
895.6458740740782	-374.4227313194424
894.3675537616946	-376.43042174493894
892.7282104991027	-377.7645281907171
890.453186085273	-380.3692645202391
888.3555298353313	-382.7707537789829
885.8644409686676	-385.62625304516405
883.54547124292	-388.284517204389
882.6464844263392	-390.65112487319857
880.2035522959777	-392.11419860320166
878.7302856963361	-393.80203429656103
876.450744679023	-396.4133624173701
873.9107056178036	-399.32327453047037
872.6649170421879	-402.0849322443828
870.220214893925	-403.65008727274835
868.5142212420469	-405.7232684274204
866.2163696798962	-408.5136736971326
864.505493214645	-410.5863665677607
862.3131714366609	-413.24380675610155
859.793762256566	-416.2996539240703
857.7118530785083	-418.8224810701795
855.3754272978986	-421.65344420680776
854.1788330578711	-424.18908873805776
852.0870972182602	-425.6364764366299
849.798828176572	-428.41116515314206
847.8568726087688	-430.76992980157956
845.5143433126505	-433.6139849801548
843.2132568864617	-436.40500060329214
841.5746460467344	-438.39303771127015
839.3665161632816	-441.04129210906103
837.3815308127087	-443.39969054609537
835.0515137223992	-446.16949645383283
833.0103760281927	-448.5969256507233
831.8969116721419	-451.29861632734537
829.6461182150524	-452.5993365412578
827.5914917510236	-455.04351989366114
825.9108276884654	-457.0415972857736
824.2353516125586	-459.03299132641405
822.8988647972001	-460.62307922123
820.6126709502423	-463.34250060422346
818.442810110515	-465.922944937367
817.0970459493692	-467.5228594932705
815.7459717312013	-469.12939635664225
813.5625610854477	-471.7258319016546
811.8242798350402	-473.793306266889
810.3925781764556	-475.4944781437516
807.732482961379	-478.65295592322946
806.8468628427945	-481.4162310725078
803.9383545432938	-483.1610430832952
801.5321655791486	-486.0182818537578
800.2117920431774	-487.58477966021746
797.6787109875004	-490.58877746015787
796.2705688981223	-492.25860777916387
795.1196899909992	-495.23941222345456
792.3735352064832	-496.87964049493894
790.9848022965016	-498.52658263687044
789.620971729455	-500.1444415198639
788.2342529799789	-501.79043761547655
787.3679810088361	-504.458192744758
784.7793579609133	-505.89267150172964
783.4423218292068	-507.48065367806703
781.0137329605641	-510.3615740882233
778.5493774911156	-513.2847308283672
776.3236084486707	-515.9251116886735
773.9022217309102	-518.7976702828892
771.7477417489863	-521.353212271817
769.4481812030426	-524.0813006516546
767.4376831552945	-526.4682635455392
765.5391846201965	-528.7219256535172
763.7070923356223	-530.894960318692
762.2981567896204	-532.5662860064767
760.0988770036492	-535.176942741964
758.0905151878251	-537.5608538761735
757.5518188974238	-539.8582781916484
755.1349487805273	-541.0684832683764
753.7682495620102	-542.6908587599173
752.3708496593172	-544.349550163839
750.6364136245102	-546.408327023033
748.0355835459195	-549.497499382589
747.5067749541486	-551.5889300513081
745.6053467299789	-552.459169305861
743.8372192899114	-554.9176043602638
741.7238159693079	-557.8861712585203
740.2352295421297	-559.9771746764891
739.1327515153098	-561.695985712111
737.5457153819734	-564.727723996155
736.581665089645	-566.6126727256924
735.5452881377423	-569.112489616964
735.0216675312258	-571.0438861036673
734.3616333509563	-573.4605731153861
733.8624878436676	-576.0527361989953
733.3126221221173	-578.5274676457047
733.2337036638055	-580.7899798522703
733.0980835459195	-582.8109149131924
733.1398315933766	-584.9710101257078
733.2698364777025	-587.0475482102484
733.6916504409746	-589.7647723322734
734.1684570815414	-591.8695086608641
734.5309448743938	-594.2456683279015
735.2280884308275	-596.1651019221172
735.8084106952883	-599.1015643244609
736.7302856945898	-601.0930194002576
737.5156860850984	-603.6132830753922
738.1947022001259	-606.2960223327391
739.4102173358551	-608.6021136441268
740.3712769072736	-610.5327166677453
742.0615234884317	-613.2341326843016
743.2296143085114	-615.0222796588205
744.7244873563759	-616.9307879563421
746.4086914570071	-618.8658465505578
748.1334839380579	-620.8273944049142
749.8748779798625	-622.6185321002267
751.6842041515047	-624.4335955772549
753.6405029795133	-626.3203753605485
755.6451416523778	-628.2111224313267
756.8273315939587	-630.1226214524359
759.8713989775861	-632.0577410785481
762.2604980971082	-634.1013201838359
764.4807739774697	-635.9745501629077
767.301208546618	-638.2993792667985
769.7739258311922	-640.3342303433456
771.9942627466517	-642.109071648214
773.1967163583031	-644.3061541710049
776.4792480979813	-645.3353900071234
779.0344238778926	-647.1489276066422
780.6072998546297	-649.5153216505423
783.3996582537075	-650.2380389356986
786.4322510275524	-652.4200457711704
789.8454590357142	-654.9245013347827
792.3478394068079	-656.7590960641392
794.2320557152852	-658.1360491891392
797.2702026870684	-660.348085321486
799.3598022975493	-661.8995989938267
800.9889526877669	-663.1307391300797
802.5805664577056	-665.106630243361
805.1726074718172	-666.3124407907017
808.4687500516884	-668.8173236018047
810.2188110861462	-670.1466693053953
812.9735107929446	-672.2397479186766
814.8073120632325	-673.633424679283
817.7077026870102	-675.8378924517892
819.5278320811922	-677.2211932316422
821.6051636243938	-678.7999896174297
823.2437744643539	-680.0450457697734
825.630371145322	-681.8588885441422
827.3182373549789	-683.1416033883579
829.9893188978895	-685.1713275122456
832.6972046399605	-687.2289446974173
835.5509033720009	-689.3971575847827
838.1889648938086	-691.4011248722672
840.5506592303864	-693.1953143249266
843.0816650898778	-695.1184100280516
845.2918701685267	-696.7705096397549
846.2708740733797	-698.759218131192
848.3926392104477	-698.759218131192
850.710754445754	-699.9445208664984
853.425537160947	-700.9855975294486
856.1853638195898	-701.645448601339
858.2250977067742	-702.0623797532171
861.3489380390965	-702.7315692072734
863.6525879408	-703.1945208678953
866.542419484118	-703.4938983088359
869.0705566914985	-703.6453875694424
871.6926270044642	-703.7232684274204
874.3283081571572	-703.5524310241453
877.0573120628251	-703.1335467477329
879.8371582536492	-702.6699847383425
882.8984985856805	-701.9442156930454
885.3404541520867	-701.0870989938267
887.8084106944734	-700.0750750685111
890.4419556177454	-698.7297381558456
892.997253468493	-697.2550067086704
895.3654785663821	-695.6966570992954
896.6666870630579	-693.657655633986
899.9085693876259	-691.9802874694578
902.367248586379	-689.7720965528861
903.43005376152	-687.4190081749111
905.2655640166486	-686.4143084660172
907.0207520035328	-684.174013054464
908.1511841331958	-682.2862567109987
908.5004272962105	-680.0645770179108
910.238220266474	-678.616151729133
912.206604055129	-677.535341180861
913.472412159259	-675.9312152033672
915.589172414213	-673.3799456739798
916.8779297387227	-671.846376337111
919.2117920438177	-669.0637835627422
921.3980713400524	-666.4448260432109
922.8585205593263	-664.6816424517892
925.5296631370438	-661.6114520197734
928.2088623556192	-658.6047381549142
930.433288624743	-656.0983904944733
932.0512085455703	-654.271669308655
934.9383545422461	-650.9123553433456
935.9568481941242	-647.8530291677453
938.8602295431774	-646.2465838561766
940.5737305194489	-644.2426776085049
941.961120656284	-642.636659538839
943.4873657729477	-640.875184933655
945.0205078631407	-639.1120623731986
947.1951904810267	-636.6199969407171
947.1951904810267	-634.4255999699235
950.1090698756743	-633.272401727736
951.8920898949727	-631.2294329772703
954.2171631364617	-628.5248431335203
955.3402100123931	-626.2332171560265
957.773376515077	-624.1287249717861
959.0220947781927	-621.5029925475828
959.8932495628251	-619.4271868816577
962.759887746477	-617.9564227252267
964.863769581716	-615.3540667658672
966.3740845224238	-613.485780633986
967.2199097186094	-610.603456415236
969.7174683118938	-609.3493670620956
971.2135620620102	-607.4966448913328
973.2544556170469	-605.0032977238297
974.5792236832785	-603.3980120806955
976.4154053241946	-601.1736468467861
978.6799316903926	-598.4276141328737
979.9131470243447	-595.6758441114798
981.9881592293968	-594.4136370788328
984.2509766124422	-591.6707781953737
985.8804321800126	-589.6980609083548
987.9324951671297	-587.2149676457047
989.9129639186431	-584.8184832688421
991.6753540554782	-582.6860369802453
993.1659546410665	-580.8934344439767
995.1027832535328	-578.6291522136889
996.8316650908091	-576.6049822927453
997.6486206564587	-574.4161395183764
999.7104492688086	-573.2283343439922
1001.3847656754078	-571.2653826833703
1003.5150146987289	-568.7677630553953
1005.1402588391793	-566.8616961594671
1007.0798340350739	-564.5872210646048
1008.4357300316915	-562.9984759455547
1009.4197388203465	-560.6201190138236
1011.6099854027852	-559.2786273141392
1013.5196533720009	-557.0386981130578
1015.9270020039985	-554.2197894216515
1018.206481984118	-551.549257197883
1020.374694874743	-549.0093402038328
1021.8278198746848	-547.3071917654015
1024.0238037620438	-544.7352923564613
1025.0798340342008	-542.0598773090169
1027.5463867698563	-540.6096209660172
1029.9738770042313	-537.7664202828892
1031.970947316382	-535.4270037771203
1034.3049316918477	-532.6922625675797
1036.377319387684	-530.2633685255423
1038.3641357932938	-527.9343279986642
1040.3588867699145	-525.5955828814767
1042.3311768076383	-523.2816790696234
1044.5208740731468	-520.7125262385234
1046.3095703624422	-518.6136492891237
1048.250122120371	-516.3374652033672
1050.3375244650524	-513.8912371760234
1051.908569387393	-512.0512713561766
1052.9553223160328	-509.52221862226725
1055.9385986826383	-507.33340636547655
1056.885864308686	-505.220643915236
1058.6691895036492	-504.1462115421891
1059.5117188006407	-502.06225768337026
1061.7622070813086	-500.5333575378172
1063.607543995371	-498.3810748215765
1065.3768311048043	-496.3144244304858
1067.0629883316578	-494.3452471848577
1068.7731934094336	-492.3480242858641
1070.2143555202638	-490.66513243783265
1071.7436523947981	-488.8787554875016
1073.1291504406836	-487.25833312561736
1074.651245166664	-485.4790972857736
1075.439697316906	-483.6147174038924
1077.5614014180028	-482.0739154019393
1079.512207081134	-479.7928485041484
1080.9101563002332	-478.1577166672796
1082.7445068863453	-476.004823601339
1084.8642578631407	-473.8342303414829
1086.660156300175	-472.4129962073639
1088.5505371590261	-471.26819030055776
1090.966186573729	-470.66717711882666
1093.110229543876	-470.9931964036077
1095.3436279806774	-471.4025591998361
1097.7237549340352	-472.0202044597827
1099.6547852080548	-472.70932189235464
1101.6600342292804	-473.83148376084864
1103.556762745895	-475.23468200163916
1105.1781006362871	-476.5569781442173
1107.0427246594336	-478.1687945500016
1108.8406982931774	-479.9709490905516
1110.4291992700892	-481.5706195011735
1111.6511230967008	-483.4550494309515
1114.4643555200892	-485.29327575396746
1116.4949951687595	-487.15170470811427
1118.6987305186922	-489.16687194257975
1120.2552490732633	-490.5895709176548
1122.0677490745438	-492.2448443537578
1123.5479736827547	-493.5956439161673
1125.2878418480977	-495.18203917657956
1127.1978760263883	-496.9222735511139
1129.1948242685176	-498.73956481181085
1131.0639648940414	-500.4386920100078
1132.9978027861216	-502.1947344923392
1135.0952148942742	-504.09704772615805
1137.141967824893	-505.9510821462609
1139.0560303231468	-507.6826495300047
1141.5260010270867	-509.9132098280825
1143.7062988795224	-511.8796710143797
1146.1472168477485	-514.0804461622611
1148.6546631369856	-516.3392352242954
1150.6647949721082	-518.1488055372611
1153.4440918480977	-520.6498431344517
1155.8682861840934	-522.8289202819578
1158.6131592298625	-525.2975482130423
1160.9359131375095	-527.3862933274359
1163.8101807144703	-529.9664935250767
1166.6419678230304	-532.5064715510234
1169.1396484886645	-534.7468890338205
1171.0664063014556	-536.4758319025859
1173.7629395033	-538.8987445007078
1176.5631104011554	-541.4121111985296
1178.2563477060176	-542.9307269225828
1180.966552785365	-545.363710320089
1183.5279541515047	-547.6625384446234
1185.7105713403434	-549.6210955749266
1187.310424854746	-551.0564593463205
1189.5991211436922	-553.1098651061766
1191.4193115748349	-554.7430438143201
1193.1533203637227	-556.2987689161673
1194.889526418061	-557.8566912813112
1197.3282471209532	-560.0449236975983
1199.0517578635481	-561.591493523214
1200.6170654803282	-562.9963397169486
1202.1348877464188	-564.3583392300643
1203.7241211435758	-565.784547726158
1204.7518311046879	-568.5145281921141
1206.766235401854	-568.5145281921141
1209.3660889170133	-570.8477801475674
1210.9088135265047	-572.2323016310111
1213.3928223173134	-574.4616717472672
1216.2817383309593	-577.0533465533517
1217.7724609872676	-578.3905657883734
1220.217041065218	-580.5848406907171
1222.5119629419642	-582.6466082693078
1223.791015674593	-585.1302508502267
1226.6998291520867	-586.4057635455392
1228.7573242693325	-588.2523211599328
1230.3109131363453	-589.6466693077236
1232.5920410664985	-591.6915911813267
1235.0322266133735	-593.8806780958548
1237.6694336438086	-596.2514056344517
1239.8442383329384	-598.1975726275705
1240.9082031763392	-600.2586077786982
1243.2536621605395	-601.2372454772703
1244.3176270037657	-603.0607928428799
1246.5296631364617	-604.1553973313421
1248.7944336434593	-606.1739520197734
1251.2592773954384	-608.3712786785327
1253.3913574722246	-610.272157588508
1255.061279346468	-611.7614153991453
1256.574462942197	-613.1121234050952
1259.0784912625095	-615.3483904981986
1261.187744192197	-617.2304705772549
1263.551513723447	-619.3395404005423
1265.950805715809	-621.4802874675952
1267.8804932145867	-623.2020281921141
1269.9028320829384	-625.006532588508
1272.4283447764465	-627.2598895216361
1274.7583008322981	-629.3407000652514
1277.1340332545806	-631.4621600275859
1278.7810059102485	-632.9327410841361
1280.101684620371	-635.7257098336704
1283.1558838401688	-636.8397235069424
1285.432983449893	-638.8729266282171
1287.9816895048134	-641.1485613961704
1290.0791016136063	-643.0212420602329
1292.6444092293968	-645.3119525085203
1295.1325684108306	-647.5337542654015
1297.37829594902	-649.5390643253922
1300.5347900902852	-652.3575457688421
1302.4786377459532	-654.0933856144547
1304.4533691911492	-655.8564471383579
1307.3724365741364	-658.4632586631924
1309.8828125498258	-660.7052020207047
1312.7680664561922	-663.2821063171141
1313.8820801281836	-665.6099871750921
1316.4932861824054	-666.6089495806955
1318.485717823729	-668.3884295579046
1321.1990967298043	-670.8119525080547
1323.680053761229	-673.0278948922642
1326.3503418469336	-675.4133929386735
1328.9647217296879	-677.748720089905
1331.930175831425	-680.3982562222518
1334.6295166517375	-682.8099993830547
1336.1697998563177	-684.1863421560265
1338.979126027727	-686.697450554464
1340.5479736825218	-688.1024798522703
1343.1612549330457	-690.4456805367954
1346.3781738779508	-693.3331927428953
1348.9313965354813	-695.6193865886889
1350.6384277844336	-697.1487444993109
1352.417968799593	-698.7442034846172
1355.356567434268	-701.3806170565076
1357.1246338406345	-702.9668597360142
1359.7862549333367	-705.3522967495956
1361.8728027860634	-707.2185076847672
1363.524780322914	-708.693300165236
1364.5412598159164	-711.0304583692923
1367.748413137626	-712.4661883488297
1370.6142578638974	-715.0281390314922
1373.1424561045715	-717.2514666719362
1374.6722412622767	-718.5900897160172
1375.9086914567742	-721.1428851247765
1378.9802246589097	-722.3618792677298
1381.6788330589188	-724.7254046564922
1384.5423584496602	-727.2332171578892
1385.842895557871	-729.3302020193078
1388.4240723167313	-730.6329363947734
1390.841796925757	-732.7503070007078
1391.9588623546297	-734.9890154981986
1395.034668018925	-736.4223040710203
1396.1619873548625	-738.2274188180454
1398.2120361835114	-739.205507196486
1400.1682129414985	-740.9185198927298
1403.173339893925	-743.5487078782171
1405.4566650887718	-745.5466326833703
1407.1013184098992	-746.9863909836859
1408.3820801286492	-749.0620745783672
1410.6165771982633	-750.063112179283
1413.6588135269703	-752.7263201843016
1416.4803467295133	-755.1962908892892
1419.395874073729	-757.7494525080547
1421.0211182142375	-759.1743182316422
1422.6416016136063	-760.5986346378922
1425.267089893343	-762.905702506192
1426.9237061057938	-764.3632220369764
1428.5917969261645	-765.8339251647703
1430.8666992700892	-767.8403338561766
1432.99206548027	-769.7144183279015
1435.388793995604	-771.8267230144702
1438.4490967296297	-774.517763055861
1440.9683838395867	-776.7324847360142
1442.8247070827056	-778.3657244811766
1445.3901367688086	-780.6245135427453
1447.9383545425371	-782.8701190138236
1449.6005859874422	-784.3338641300797
1452.33496098849	-786.7429827828892
1453.5412598151015	-788.8829363971017
1456.0200195811922	-789.9898699889891
1457.5579834488453	-791.3450945965014
1459.7529297370347	-793.2794207707047
1462.140258839936	-795.3835467463359
1464.6712646989617	-797.6145648141392
1466.0440674332785	-799.9925555326045
1468.0074463392957	-800.5559100289829
1469.723877004697	-802.0698260427453
1471.746826221468	-803.8531512408517
1473.894897510996	-805.7469500680454
1476.2760010263883	-807.8472308311611
1478.7570801295806	-810.0369891286828
1479.9439697765047	-811.7066058274359
1482.8244629417313	-813.6267718449235
1485.0664063004078	-815.6045550494455
1487.3940430191578	-817.6582049527206
1489.2137451681192	-819.2650164701045
1491.4637451682938	-821.2523211603984
1493.2823486842099	-822.8620623731986
1495.39355473849	-824.7313250689767
1497.2991943872767	-826.4150408878922
1499.2268066909746	-828.1184710618109
1500.8188477059593	-829.5238055353984
1501.6179199727485	-831.5573748713359
1504.061645559268	-832.3890399113297
1505.8662109869765	-833.983095087111
1507.6181641119183	-835.530458369758
1509.138793995604	-836.8737811236642
1510.6263428233797	-839.2936419611797
1512.780517629115	-840.0867327838205
1514.3120117690414	-841.4376849313267
1515.875366262684	-842.8168963552453
1517.7877197779017	-844.5038470397703
1519.3323975116946	-845.8668231130578
1520.4315186046879	-847.7583026061766
1522.518310596468	-848.6794451856986
1524.1943359886063	-850.2161273118109
1526.0718994651106	-851.9415301452391
1527.929687550175	-853.6466693035327
1529.7000732917804	-855.2717303410172
1531.5927734877332	-857.0082415682264
1533.0783691910328	-858.3712786813267
1534.8648682137718	-860.0119647146203
1536.5156250511063	-861.4851702814922
1538.2943115746602	-863.0687274080701
1539.893310596235	-864.4927386422642
1541.6871338387718	-866.090272821486
1543.4930420429446	-867.6980609046295
1545.3605957530672	-869.3608416696079
1546.4254150902852	-871.2261981153861
1549.1877441910328	-872.7721575861797
1551.2713623563177	-874.6322039733641
1553.6630859891884	-876.7677020179108
1555.6237793469336	-878.5139178405516
1557.229126027436	-879.9407977238297
1559.8177490741364	-882.2391375666484
1561.9238281750586	-884.0567034846172
1563.884399464936	-885.7477435236797
1565.9353027842008	-887.5179461617954
1568.998657277145	-890.1517352242954
1570.8736572775524	-891.6416033864953
1572.726074269507	-893.0896014324389
1574.5975342312013	-894.4803485055454
1576.4899902850157	-895.8880023136735
1578.6033936059684	-897.5006121802144
1580.1517334485543	-898.7753314143047
1581.951660207822	-900.2537860036828
1584.3082275901688	-902.1866473346017
1585.9458008325892	-903.5290545583703
1587.5368652848992	-904.8331317063421
1588.7589111833367	-906.4364642272703
1591.0101318866946	-907.6129168635234
1593.0371094250586	-909.2087420606986
1594.921142629406	-910.692567744758
1596.9093018085696	-912.2593402033672
1598.7574463401688	-913.716249383986
1600.575683643343	-915.1499041700736
1602.4289551293477	-916.6118792644702
1604.632812549593	-918.3499774103984
1606.247680714121	-919.6223773141392
1608.0808105982142	-921.0677508483641
1609.8284912625095	-922.4440936208703
1611.4368896991946	-923.7112444979139
1613.0767822777852	-924.9995135418139
1614.5639648949727	-926.5665911813267
1616.6602783708367	-927.8116473336704
1617.9448242702056	-929.5414446946234
1619.1583252460696	-931.2214373680763
1619.6097412607633	-933.3358172555454
1619.310668997001	-935.4370135432109
1618.5257568854722	-937.2852191100828
1617.4086914560176	-939.279970088508
1616.4749756361125	-941.1033953800797
1614.9541016139556	-942.7224749685265
1613.329589894507	-944.9112567100674
1611.778808644507	-946.9201678424142
1610.3150635281345	-948.8187884460203
1608.8991699719336	-950.6568621755578
1607.1704102066578	-952.9031390347518
1605.6303711448563	-954.9025286789984
1604.2036133315414	-956.7548846388236
1602.6807861838024	-958.7327288771048
1600.4914551277761	-961.5770281944424
1599.7099609877332	-963.7620867881924
1597.9094238791731	-964.9317645234987
1596.5545654809102	-966.6916522169486
1594.4049072772032	-969.4855975289829
1593.0750732923043	-971.2119158864953
1591.7346191905672	-972.9511126647703
1590.1427002459532	-975.0172137389891
1588.0904541520867	-977.6809710632078
1585.8697510270867	-980.5628680349328
1583.8792725121602	-983.1397723322734
1581.724853567197	-985.9052752619609
1580.5808105982142	-989.077638540417
1578.667602588539	-989.8283099289984
1576.163452199311	-993.0407733106986
1574.9227295423625	-994.6312274108641
1572.765136770322	-997.396181021817
1571.4812012219918	-999.0412005567923
1570.582275440218	-1002.2753314170986
1567.5324707545806	-1004.0971087608486
1565.2357178241946	-1007.0366839556955
1563.9443359874422	-1008.6895770197734
1562.7083740742528	-1010.2713030944578
1561.335083059268	-1012.0288104182109
1561.335083059268	-1014.0419940142892
1558.642578175757	-1015.4751605181955
1556.1507568862871	-1018.6668719407171
1554.5803223153343	-1020.6568621778861
1551.8730469265138	-1024.0251483111642
1550.2613525904017	-1026.0288104224019
1547.7095947763883	-1029.207155148033
1546.0717773937504	-1031.2481707697734
1544.4390869654017	-1033.2851580725983
1544.4390869654017	-1035.4464129582047
1541.9195557156345	-1036.3718279944733
1539.810546926281	-1038.8991717472672
1538.314819387393	-1040.6925067082047
1536.5721436043386	-1042.7927264347672
1535.2576904807938	-1044.3797625661828
1535.2576904807938	-1046.407838738989
1531.950195362675	-1048.3309344430454
1530.2844238784164	-1050.182252800092
1528.5983887227485	-1051.9968279981986
1525.7456055199727	-1055.0363787794486
1525.7456055199727	-1057.34985534288
1523.571777395322	-1057.34985534288
1520.4121094263392	-1060.7088641300797
1518.5253906754078	-1062.7097186222672
1516.5845947765047	-1064.762330926489
1513.32861333224	-1068.1887225257233
1511.319091846468	-1070.298952018842
1510.0985107925371	-1073.763063346967
1508.1916504420224	-1076.1677264333703
1506.0744629403343	-1076.1677264333703
1504.0144043483306	-1078.508424677886
1502.2396240750677	-1080.527833857108
1500.733642629697	-1082.2445086599328
1498.6241455582203	-1084.6689471378922
1497.4189453622093	-1088.5426043663174
1495.4064941919642	-1088.5426043663174
1495.4064941919642	-1090.577638544608
1492.5935059107142	-1091.9868182316422
1490.084838918643	-1095.0604266291484
1488.7862549333367	-1096.6503924499266
1487.1160889175953	-1098.695192254614
1485.4929199717008	-1100.681642448064
1482.957641653018	-1103.783204952255
1481.5157471218845	-1105.548097528983
1480.0882568866946	-1107.2946795611642
1477.7572021989035	-1110.1484393263236
1475.9263916515047	-1112.3913592481986
1474.648315479746	-1113.9584979200736
1473.4520264178282	-1116.61401549913
1471.2222900900524	-1118.1577166705392
1469.3325195829384	-1120.4711932339706
1467.323608448729	-1122.9255389329046
1465.875244192197	-1124.6933611999266
1463.9731445818325	-1127.013673700858
1462.4056396990782	-1128.9243182330392
1461.0909424325218	-1130.5257586641237
