1481.285644582007	-1080.3648699922487
1479.8482666531927	-1082.2414569021203
1478.5219727077638	-1083.972047723364
1477.044433643925	-1085.8991717500612
1475.4326172388974	-1088.000856317114
1473.9151611824054	-1089.979494013358
1472.4672852059593	-1091.866945182439
1471.2872314949054	-1094.0562762408517
1469.6627197761554	-1095.522218622733
1467.8414307137718	-1097.893678581342
1466.1156006359379	-1100.1423358111642
1464.4865723153343	-1102.2639178382233
1463.0905762221082	-1104.08130065538
1461.0043945815414	-1106.7973651061766
1458.9720459497767	-1109.4454363961704
1458.46142583224	-1111.3847674503922
1456.2126465361216	-1113.037233270239
1455.2259522000095	-1115.146242060233
1453.4906006358797	-1116.5811785832047
1452.0509033712442	-1118.4572772146203
1450.7152100125677	-1120.1977557325736
1449.2850342304446	-1122.0621356135234
1447.77587895724	-1124.0286883465014
1446.5078125500004	-1125.6828631544486
1444.9995117684593	-1127.6497820992954
1443.2937012215843	-1129.875123898033
1441.9663086434593	-1131.607545768842
1441.306030322914	-1133.7348651075736
1439.71337895724	-1135.38794128038
1437.5681152854813	-1137.4010027986951
1435.7497559094336	-1139.8164080767892
1434.2625732928282	-1141.7917498708703
1433.0163574719336	-1143.4469012413174
1431.3845215347828	-1145.6140154958703
1430.063964894507	-1147.3682879572734
1428.5653076684102	-1149.358522334136
1427.848999073496	-1151.51245299913
1425.870239308395	-1152.9386004586704
1424.6163330578129	-1154.6042498731986
1422.713256887102	-1157.1317156897858
1421.0529785670806	-1159.3376483083703
1419.2010498557938	-1161.7987078814767
1417.662475635996	-1163.8432635408826
1415.9991455593845	-1166.0513934246264
1415.18225102633	-1168.5838641277514
1413.3341064949054	-1169.5913104177453
1411.8886719262227	-1171.5115985036828
1410.0797119645285	-1173.9147967481986
1408.2615967300953	-1176.3294695988297
1406.5814209487871	-1178.5599383465014
1405.071044973447	-1180.5642108083703
1403.370117239072	-1182.821657098364
1401.3767090344918	-1185.4675311231986
1399.5522461435758	-1187.8886737017892
1398.2768555196235	-1189.5811785822734
1396.5650635263883	-1191.8530291663483
1395.9554443872767	-1194.5865496774204
1393.657836965518	-1195.711427608505
1391.6405029795133	-1198.3883074880578
1390.0804443857633	-1200.4578875647858
1387.889770558686	-1203.360475456342
1386.3958740733797	-1205.319337759167
1385.1173096218845	-1206.9915789738297
1383.3138428241364	-1209.3660906911828
1381.1495361829293	-1212.2152117840014
1379.212890676281	-1214.7615985069424
1377.094360401621	-1217.5460223308764
1375.4061279809684	-1219.765260613989
1373.4713135262718	-1222.309694209136
1372.2125244640047	-1223.9652117853984
1370.2558594255242	-1226.5372332697734
1369.3956299334532	-1228.809938348364
1367.4252930192742	-1230.254884638358
1365.3211670431774	-1233.0166033892892
1363.9550781747093	-1234.8085955712013
1362.1452637228067	-1237.1815203800797
1361.2111816918477	-1240.1569842468016
1358.997436574602	-1241.309450068511
1357.177612356376	-1243.6962908846326
1355.7017822779017	-1245.629762565717
1354.0639648945653	-1247.8065203791484
1352.255004933686	-1250.2305926443078
1350.3350830578129	-1252.8033465482295
1348.2745361824054	-1255.5637225299142
1346.8563232934102	-1257.4633807325736
1345.8089600116946	-1260.4729022183456
1343.8526611828129	-1261.4824237017892
1341.6130371604813	-1264.478517449461
1339.8780518093845	-1266.7998065152206
1338.0013428239617	-1269.310914910864
1336.2863770027761	-1271.605592645239
1335.1912842300953	-1274.0362567096017
1332.8305664579384	-1276.2299822927453
1330.925903372001	-1278.7792986999266
1329.430053760414	-1280.7814959683456
1327.9140625511063	-1282.811281122733
1326.2674561048625	-1285.008668818511
1325.4121094250586	-1287.032106315717
1323.619140676572	-1288.487550651189
1322.811523489072	-1290.3732928410172
1321.0996094258735	-1291.7998065124266
1319.7685547388392	-1293.5490740919486
1317.836181691382	-1296.0865496746264
1316.4836426295806	-1297.862672723364
1314.4284668477485	-1300.5601824885234
1312.6829834495438	-1302.8493670606986
1310.6748047375586	-1305.4815692058764
1309.1459961434593	-1307.4840106116608
1307.905029347632	-1309.1090106116608
1306.4301758326474	-1311.0408953805454
1304.6457520031836	-1313.3786639343016
1302.6716309090843	-1315.9652117867954
1301.3354492686922	-1317.7159442100674
1300.022705128882	-1319.436403190717
1298.745605520322	-1321.1102313180454
1297.0125732932938	-1323.3824481172487
1295.149169973447	-1325.8256854205392
1293.1744385262718	-1328.4127215505578
1291.532226614072	-1330.5632342481986
1289.4459229012718	-1333.2943133455701
1287.6711426285328	-1335.6160906911828
1285.650512745604	-1338.2578143267892
1283.7951660668477	-1340.6822528024204
1282.0781250512227	-1342.924684442114
1280.6998291520285	-1344.7241229191422
1278.962158254115	-1346.9924334674142
1277.4968262214097	-1348.9055194021203
1275.6773682147032	-1351.2807635455392
1274.0583496608888	-1353.3946551447734
1272.664794972865	-1355.2141131516546
1271.2114258316578	-1357.111818233505
1269.0977783705457	-1359.8719500647858
1268.3283691914985	-1362.553712761961
1266.137085012684	-1363.7390154972672
1265.4359131365782	-1365.7782000680454
1263.4727783710696	-1367.2194842468016
1261.9536133310758	-1369.204225457739
1260.2233887232142	-1371.4653338552453
1258.7081299343263	-1373.445192253217
1256.9165039564832	-1375.7867449899204
1255.1914063012227	-1378.0415057283826
1254.515380910365	-1380.0944842468016
1251.8886719256407	-1382.3586444044486
1249.6749268082203	-1385.2528094430454
1248.3369141126168	-1387.0025653024204
1246.7475586434593	-1389.081056510564
1245.117309621186	-1391.2106951833703
1243.6300049326383	-1393.1525897155516
1241.7996826679446	-1395.5416278024204
1240.1875000498258	-1397.6442889333703
1239.255249074893	-1400.2174090491608
1237.3272705591517	-1401.371217645239
1235.5021973154508	-1403.7469500675797
1233.3649902849575	-1406.5275897146203
1231.6584473173134	-1408.7467059283517
1229.808837940218	-1411.1513690128922
1227.6955566919642	-1413.8994158874266
1226.022338918876	-1416.0762957697734
1224.3453369648196	-1418.257814324461
1223.0361328636063	-1419.960939327255
1221.4158936048625	-1422.0695819049142
1220.460205129697	-1424.490602410864
1218.595825247059	-1425.7397479186766
1217.0761719252914	-1427.7178973332047
1215.4748535666731	-1429.802858268842
1213.9760742684593	-1431.7547625703737
1212.557861378591	-1433.6018084660172
1211.0614014185267	-1435.5507830739953
1210.2547607918968	-1437.735109243542
1208.2833252457203	-1439.1689471411519
1206.9272461432847	-1440.9462908902206
1205.4313965361798	-1443.0284442072734
1204.047363331425	-1444.95861999318
1202.5067139170133	-1447.1042498690076
1200.9149170421297	-1449.3193377624266
1199.3448486839188	-1451.502565301489
1197.8526611825218	-1453.5795916691422
1197.3203125497093	-1455.7735613961704
1194.8188477079384	-1457.844118034467
1193.7458496607142	-1460.245607293211
1191.8852539568907	-1461.9625262399204
1190.1953125510481	-1464.335573115386
1189.2338867700892	-1466.817872916814
1187.1367188004078	-1468.6262225280516
1185.082885792479	-1471.5080584669486
1183.2668457530672	-1474.0570086599328
1181.5107422372093	-1476.522462761961
1180.0369873549207	-1478.591676628217
1178.573364309501	-1480.6463641314767
1177.1608887218754	-1482.6287860064767
1175.2541504417313	-1485.3055438189767
1173.2059326678282	-1488.1805438166484
1171.3544922388392	-1490.779664910864
1169.377929738781	-1493.5542010455392
1168.4334717296879	-1496.2777117849328
1166.4327393096173	-1497.612184442114
1164.440918020031	-1500.3131121755578
1162.5052490745438	-1502.9395770207047
1161.8402100113453	-1505.1920184232295
1159.7926025906345	-1506.6208514361642
1157.7371826671297	-1509.4111346378922
1156.8649902843754	-1511.6636981158517
1154.8870850121602	-1513.222047723364
1153.1264648942742	-1515.486818230711
1151.2031250506407	-1517.9617938180454
1149.5681152861798	-1520.0670184246264
1148.214111379697	-1521.810426629614
1146.0292969268048	-1524.626222528983
1144.1818848158582	-1527.0122088589706
1142.1873779807356	-1529.589357294608
1140.0999756355886	-1532.2790545593016
1138.1640625500004	-1534.774049676489
1136.807739308686	-1536.5233172541484
1136.076049854979	-1538.5206317068078
1133.7965088390629	-1540.40698424913
1132.057617237675	-1542.6492938189767
1130.0521240747184	-1545.235231318511
1128.0374756361125	-1547.832887565717
1126.1756592296297	-1550.233522332739
1125.5524902860052	-1552.417116082739
1123.4401855979813	-1553.7595233106986
1122.7397461435758	-1555.852662959136
1121.171875051572	-1557.1167010450736
1119.667846729979	-1558.6217059236951
1118.6956787611125	-1561.0528582725674
1116.8670654809102	-1562.2315692086704
1115.2591553244274	-1564.304078974761
1113.4825439959532	-1566.5942401047796
1111.7490234880825	-1568.8284930340014
1110.0521240736707	-1571.015993038658
1108.183227590751	-1573.4251727228984
1106.4798584486125	-1575.6214617863297
1104.7866211438086	-1577.8044451856986
1102.6562500513392	-1580.5516375638545
1100.5234375499422	-1583.3023699880578
1098.7198486832203	-1585.6287860027514
1096.7237549326383	-1588.2039813138545
1094.622802785656	-1590.9151629568078
1092.8186035656254	-1593.2425555391237
1090.7493896986125	-1595.9100360055454
1089.0479736832203	-1598.104005732108
1087.6873779807356	-1599.8586444030516
1086.271240285947	-1601.6845721378922
1084.3712158706621	-1604.1340350285172
1082.5202637221082	-1606.5198992863297
1080.6839600127423	-1608.886720574461
1079.9014893080457	-1611.4917010422796
1077.8808594261063	-1612.4993914742954
1075.8933105967008	-1615.061159052886
1074.0612793479231	-1617.4173602228984
1072.652832082007	-1619.2895526024513
1070.9334717292804	-1621.6311053405516
1069.1182861834532	-1624.1002215496264
1067.862426808395	-1625.8074969425797
1066.172851613781	-1628.103883662261
1064.2930908703129	-1630.6617449894547
1062.6333008318907	-1632.920045768842
1061.2978516120347	-1634.736696162261
1059.6837158708367	-1636.9329852191731
1058.0582275888883	-1639.1450213580392
1056.724487356376	-1640.959718619939
1055.1602783709532	-1643.086793817114
1053.5168457543477	-1645.3214129609987
1051.899780325126	-1647.5203875638545
1049.7900391138974	-1650.3892840519547
1047.805053762393	-1653.0892352270894
1046.567504933977	-1654.772584832739
1045.2650146983797	-1656.5446795620956
1044.3720703639556	-1658.5155047550797
1042.3374023939832	-1660.4700945960358
1041.2386475105304	-1662.742189324461
1039.140747120371	-1664.5451678410172
1037.5987549334532	-1666.2567156916484
1036.41064458224	-1668.2828387399204
1034.7093506365782	-1669.4134539724328
1033.1867676283	-1671.020509636961
1031.9548340343172	-1673.0147723346017
1029.8020020028343	-1674.3411883465014
1028.316162160656	-1675.7113055381924
1025.985839893343	-1677.8718279972672
1023.7574463393539	-1679.825563348364
1021.5739746601903	-1681.7313250647858
1020.2418823741027	-1683.5742205749266
1017.8459473169642	-1684.711671746336
1015.6044922384899	-1686.5043963575736
1013.5653687027516	-1688.1345233083703
1012.1101685083122	-1690.1448992863297
1009.6024780790322	-1691.3039569021203
1007.8910522965598	-1692.6727313161828
1006.3176270044642	-1693.9331072941422
1004.5344849138055	-1695.3620623722672
1002.2870483916486	-1697.162721550092
1000.3901367699727	-1698.68188659288
998.7098389188177	-1700.0284442082047
996.9873047384317	-1701.4094256544486
994.8968506360543	-1703.080202021636
992.2221069837688	-1705.2087420606986
990.4893799340352	-1706.588624871336
988.2114258319489	-1708.4106463561766
986.4039917510236	-1709.7166766300797
984.7394409681438	-1710.887575065717
982.8549194851657	-1712.2125262371264
980.8605347194243	-1713.354249871336
978.2162476087688	-1714.6959246783517
976.2247314957203	-1715.722047721967
973.7700806180947	-1716.8339861985296
971.4782715348992	-1717.652101435233
968.7861328643048	-1718.6265887399204
966.6412354012718	-1719.3789080763236
963.8670044462779	-1720.1458758492954
961.8149414563668	-1720.721559440717
959.3239136260236	-1721.2086199866608
956.5463867697399	-1721.3321551471017
953.8761597186094	-1721.276857293211
951.7232666523778	-1721.1397723350674
948.769104053732	-1720.720094598364
946.3364258327056	-1720.2277850294486
944.2277832531836	-1719.6610125675797
941.4258423354477	-1718.8912371774204
939.0621338394703	-1718.2425555363297
936.9497681180364	-1717.663331901189
934.897338918352	-1717.1000994811766
931.8746338401688	-1716.274293817114
928.9647827644367	-1715.2735613957047
926.6370850116946	-1714.3763445988297
924.4562378427945	-1713.4158953777514
921.8887939964188	-1712.1600360055454
920.028625538398	-1711.18286315538
917.9041138206376	-1709.901369013358
916.1627808129415	-1708.806642448064
914.3023071800126	-1707.4052752642892
912.4605713392375	-1705.8829363971017
910.5019531766302	-1704.0938738947734
908.755615286238	-1702.5025652996264
906.9267578643048	-1700.918947136961
904.8010254405672	-1699.07885924913
903.199401907099	-1697.694459831342
901.3247681170469	-1696.0140399085358
899.547180227004	-1694.4235858111642
897.8544312029844	-1692.908815301489
895.8590698752087	-1691.1232928419486
893.8137817882816	-1689.292848503217
892.2260132340016	-1687.8724383478984
890.2398071785574	-1686.0849627628922
888.3134766120929	-1684.361696162261
886.4906616713852	-1682.746705926489
884.9827881377423	-1681.4151629549451
883.8504639181774	-1679.5716570946388
881.3475952663575	-1678.204347524792
879.5145874524605	-1676.5809344416484
877.9737549325218	-1675.2160662785172
876.3833008327638	-1673.806520379614
874.549621632963	-1672.180177605711
872.5740967309102	-1670.4266375675797
870.7507324728649	-1668.8072528019547
868.4881592314341	-1666.757448113989
866.9528198742191	-1665.324220574461
865.1995239759563	-1663.6899432311766
863.3573608902516	-1661.974122918211
861.4765625511063	-1660.221681514755
859.7191772962688	-1658.5870379572734
857.8682861831039	-1656.7879656930454
856.2310791532509	-1655.1464861999266
855.6292114767712	-1653.1967791677453
853.4674683135818	-1652.3828143249266
851.6333618682111	-1650.5485858106986
850.0949707542895	-1649.0085467468016
848.9919434098992	-1646.9978045611642
846.9755859879078	-1645.8842791686766
844.8609009296051	-1643.764650263358
842.6765137228067	-1641.5739764333703
840.911377003591	-1639.8027362013236
838.8746338408673	-1637.7586688166484
836.4260254416149	-1635.3015154968016
834.5104980979813	-1633.3797625661828
832.2068481963361	-1631.0690936204046
831.5147705583367	-1628.957033074461
829.3976440933766	-1628.2515887399204
827.9791260270867	-1626.8289813166484
825.7694092300371	-1624.6119403019547
824.0588379410328	-1622.8947772146203
822.6044922382571	-1621.4382342458703
820.9521484889556	-1619.7257098336704
818.6679077659501	-1617.309816277586
817.9381104024942	-1615.0317401066422
815.7037354018539	-1614.1782244830392
814.9424438982969	-1611.9014910822734
812.8488159679109	-1611.1627215519547
810.7209473163821	-1608.9136981121264
809.7400513199391	-1606.5969256558456
807.5221558135236	-1605.5325945974328
805.4765625507571	-1603.3687762399204
803.0250855007907	-1600.775270378217
800.825988819357	-1598.4527606158517
799.1512451674789	-1596.5914324894547
797.7839355969336	-1595.0380877624266
795.9125977074727	-1592.9143084660172
794.2529907744029	-1591.033204949461
792.1880493670469	-1588.691408075858
790.1389771014801	-1586.366823115386
788.2562256375095	-1584.2299822936766
786.8560181165813	-1582.640626827255
785.0343018093263	-1580.572389520239
782.646118214936	-1577.862184443511
781.0781250499422	-1576.0836199908517
779.7497559104813	-1574.5769061222672
778.1751099138637	-1572.7906512385234
776.0989380384563	-1570.4349383474328
773.9297485854477	-1567.9715594425797
772.0477905791486	-1565.8338641291484
769.9829712413484	-1563.487794790417
768.8739014184102	-1561.249147332739
766.6824341334286	-1559.738161006011
765.0751343287411	-1557.911989128217
762.7446899920469	-1555.262697134167
760.9453125499422	-1553.216432490386
758.7743530775188	-1550.7482928382233
756.9596558118938	-1548.6849383478984
754.9516602071235	-1546.404298698064
752.7919922386063	-1543.873659054283
751.2114258316578	-1542.0129412757233
749.2951050301199	-1539.7595233106986
747.3806763208704	-1537.510255730711
746.2828980010236	-1535.515382683836
744.3468628441915	-1533.9483660846017
742.8618164563668	-1532.1073016277514
741.8969727067742	-1529.8255633492954
740.0576782732387	-1528.560426629614
738.5772705585696	-1526.6920184260234
736.6751709489617	-1524.291505733505
734.9654541517375	-1522.1318377642892
732.9890137219336	-1519.634889521636
732.3165894070407	-1517.094118034467
730.3005371594336	-1516.238038933836
728.0465088391211	-1513.3867205767892
727.3452148949727	-1511.304078974761
725.1284180200892	-1509.6943377638236
722.8856812026352	-1506.8555926457047
720.6195679226657	-1503.985597526189
718.845336964936	-1501.7366961631924
717.5947266130242	-1500.1507586613297
715.3472290541977	-1497.2923602252267
713.3799438984133	-1494.6468524103984
712.2277832535328	-1491.8302020207047
710.3919067892712	-1490.5996112003922
708.3273315929109	-1487.808107293211
706.114196828159	-1484.8140887394547
704.8944702650188	-1483.162965692114
702.9442139174789	-1480.522096552886
700.9558716319734	-1477.8292254544795
698.7025757351075	-1474.7768572950736
696.5035400897032	-1471.798463738989
694.1270142110297	-1468.5810565138236
692.3840332548134	-1466.2211932325736
690.2875366709195	-1463.382936393842
689.1563110852148	-1460.9217547555454
687.0893555186922	-1459.0529803405516
685.3747559098992	-1456.7305926433764
684.0335083513637	-1454.9133319030516
682.4215088404017	-1452.729616082739
680.341796926572	-1449.9122332721017
679.004882862675	-1448.101442253217
677.7617188012227	-1446.4183367840014
676.0210571791977	-1444.0650653038174
674.1189575702883	-1441.4127215547487
672.2837524914066	-1438.8326434283517
670.3999023935758	-1436.1853045583703
668.9206543485052	-1434.1063250680454
667.8828125505242	-1431.4769305349328
665.9859619640047	-1429.9202899117954
664.149231006857	-1427.246461784467
663.5155640163575	-1425.0731219444424
661.6239624539157	-1423.575685421005
660.1752930190414	-1421.4726580735296
659.0388794462197	-1419.7539080753922
657.49041753239	-1417.3756121769547
656.1664429226657	-1415.344118035864
654.1042480980977	-1412.183229362592
653.5401001492864	-1410.1123065170832
651.7871094263974	-1408.628908073064
650.1940308121266	-1406.1846942086704
649.1826172372676	-1403.5164813138545
647.571350148588	-1402.158815301489
645.6257324730977	-1399.1704119825736
643.7795410668477	-1396.3322772146203
642.2630615751841	-1394.001100459136
641.0222778834868	-1392.0939959669486
639.2418823756743	-1389.3585223336704
637.725769093493	-1387.028810416814
636.5060425319825	-1385.1534442086704
634.6769409686676	-1382.342042841483
633.008850147482	-1379.7814959655516
631.1987305187504	-1376.8598651061766
629.6746826688759	-1374.268312371336
627.9644775909837	-1371.3624285822734
626.1669922379078	-1368.3115252638236
624.5803223164985	-1365.6167010436766
622.7994385277852	-1362.5907000680454
622.1853027857142	-1360.1667498722672
620.408020069648	-1358.5252703786828
619.2313232921297	-1356.5250262408517
618.0191650908673	-1354.4652117835358
616.3225708519458	-1351.5831317068078
615.1983032729477	-1349.6734637366608
614.6035767101566	-1347.274049677886
612.7631226089434	-1345.534181513358
611.9448853057111	-1343.1484393281862
610.300170949602	-1341.345704949461
608.2225342314923	-1337.8096942114644
606.7584839373594	-1335.3171404968016
605.1317139181774	-1332.5480975280516
604.108093312534	-1330.8055438180454
603.0839844264556	-1329.0617694058456
601.5427856948227	-1326.435670768842
600.4277344249422	-1324.535280146636
599.4934692891547	-1321.0722674517892
597.5604248566087	-1319.645997916814
595.8187866728986	-1316.6743182311766
594.7515869638883	-1314.853517448064
594.1406250508735	-1311.8648699861951
591.9338379403926	-1309.975831901189
590.656005909259	-1307.7266863933764
588.6114502464188	-1304.133058465086
587.1639404810267	-1301.591066277586
586.2339478046633	-1298.1826190128922
584.425293020322	-1296.7829608111642
582.7937012229813	-1293.918702996336
581.2495728044305	-1291.208009635564
579.4926147961523	-1288.123781119939
577.8134766131407	-1285.176515496336
576.414672902436	-1282.7207049527206
574.7589722183766	-1279.7962664742954
573.3161621600157	-1277.1927508502267
571.7407227061922	-1274.348024285864
570.4345703625586	-1271.9904803410172
569.0723877461278	-1269.5322283888236
567.5565186047461	-1266.7956561236642
566.8652344268048	-1264.0865496746264
564.8798828639556	-1261.9643572927453
563.5863647974911	-1259.62964049913
562.1173096201383	-1256.9783953786828
560.6857300314587	-1254.3964861999266
560.1011963391793	-1252.4738787808456
558.2432861842681	-1249.9946307316422
557.6473389174789	-1247.57544128038
555.8948975115782	-1245.762941277586
554.7354126484133	-1243.6734637385234
553.4760132347001	-1241.4044207734987
552.1990356959868	-1239.1031512408517
551.1949463400524	-1237.2937029940076
550.036193897482	-1235.2058123718016
548.7979126477148	-1232.975221554283
547.2462158701383	-1230.1804217454046
546.0972290558275	-1228.106569207739
544.7913818876259	-1225.8859881530516
543.5789185087197	-1223.9155291663483
542.4265137223992	-1222.0462664752267
541.4428711447399	-1219.6104754549451
539.9104614770622	-1218.0510272132233
538.7829590347246	-1216.359376823064
537.2078857936431	-1213.9902361975983
535.9581299339188	-1212.1104754586704
534.6655884291977	-1210.1660174513236
532.9400635276106	-1207.5690936208703
531.7005615748931	-1205.7031268239953
529.9311523949727	-1203.04028503038
528.508972218493	-1200.8999041672796
527.2553101090016	-1199.0136736999266
525.648925831425	-1196.596071162261
524.0596313995775	-1194.203981318511
522.4598999533337	-1191.795900263358
521.3967896018876	-1189.4305438180454
519.9038696803618	-1187.948732294608
518.8218994640629	-1185.8001727205701
517.8890991720837	-1184.0192889347672
515.924743704265	-1181.958986198064
514.5259399928036	-1179.8530291686766
513.1293945810758	-1177.7513445988297
511.78628545062384	-1175.7287615933456
510.48141484567896	-1173.7615985050797
509.4879150890047	-1171.737672723364
508.51452641776996	-1169.551027213689
507.36984258086886	-1167.873781122733
506.6567383322399	-1165.895387568511
506.1013794452301	-1163.052980340086
505.53387456189375	-1160.9929217458703
505.3511047878419	-1158.540895381011
505.4587402853649	-1156.1973895197734
505.87005620234413	-1153.787233273033
506.33804326335667	-1151.616823113989
506.9761047872016	-1149.4115008488297
507.61425786314066	-1146.9261492863297
509.1203918964602	-1144.5511492853984
510.59655766695505	-1142.3624285822734
512.2846680186922	-1140.802736200858
513.566589407099	-1139.1925067082047
515.4296875505242	-1138.1544207683764
516.7322998553282	-1136.444948112592
519.0126953625586	-1134.778688351158
520.6026001482969	-1133.2772235055454
522.615661671909	-1131.376710810233
524.6325073741027	-1129.4733904930763
526.1125488781836	-1128.0769061208703
527.644226125034	-1126.629762567114
529.3164063008735	-1124.91479674913
531.1663208527025	-1123.0156268221326
532.561950734118	-1120.8338641286828
534.3373413601075	-1119.7528094430454
536.384887745895	-1117.613649284467
538.1974487823318	-1115.668214716483
539.1500244657509	-1113.872072135564
541.4245605971664	-1111.9738787808456
543.0130615753005	-1110.1573504554108
544.818115285947	-1108.0925311231986
546.4062500503496	-1106.2546404968016
547.8116455585696	-1104.6168231144547
549.589172413107	-1102.5472430335358
551.3328857921297	-1100.516481317114
553.4021606961032	-1098.1051043630578
555.3166504405672	-1095.8748797555454
557.3756714382907	-1093.4740008478984
558.8060303247767	-1091.805299675092
560.4465332537075	-1089.8940447927453
562.0392456562258	-1088.0374774103984
563.8038330593845	-1085.9812029981986
565.398681692197	-1084.1223162794486
567.1074829617282	-1082.1297625703737
568.6434937020531	-1080.3385028005578
570.5161743664648	-1078.1552752628922
572.0946655790904	-1076.3150653038174
573.4627075713361	-1074.720582878217
575.1401367695071	-1072.7697772155516
576.4981689957203	-1071.1337908878922
577.9525146997184	-1069.358034050092
579.5398560073227	-1067.4229754586704
581.6619873546297	-1064.8411883478984
583.5047607927117	-1062.4124774103984
584.7392578636645	-1060.7219256558456
586.1663818869856	-1058.7739276099019
587.746032765077	-1056.538331899792
588.9063721207203	-1054.7160662766546
590.5571289571235	-1052.139039910864
592.2194214370684	-1049.54467956163
593.2988281757571	-1047.858888546005
594.9271851095837	-1045.3184832693078
596.3108521024697	-1043.4166278052144
598.1803589371266	-1040.8787860069424
599.9619751488208	-1038.5205096392892
601.7666016140138	-1036.2777117867954
603.5139771025861	-1034.099244990386
604.7752075702883	-1032.5313738943078
606.3154907745775	-1030.6475848318078
607.4306030771113	-1028.5780047550797
609.1019897965016	-1027.3365496769547
610.8763428236125	-1025.345704952255
612.5496826688177	-1023.4664935227484
613.9226074733306	-1021.9253558306955
615.0154419449391	-1020.0563983079046
617.0108032730641	-1018.458619991783
619.0015869654599	-1016.2049578810111
620.8473511257325	-1014.0943011441268
622.0174561048625	-1012.0268572950736
623.8854370635236	-1010.6218279958703
626.0266113788239	-1008.1744403028861
627.243164114072	-1005.8493670606986
629.3668823759072	-1004.3559588589706
630.9378662616946	-1002.559511102736
632.4432373559102	-1000.838563835714
633.7670898952638	-999.3250750694424
635.3361816918477	-997.5315570025705
636.9816895038821	-995.6510638380423
638.4662476087688	-993.9534930349328
640.302551320463	-991.8545550499111
641.6672363785328	-990.2953509441577
643.3897705587442	-988.3278216472827
644.7950439959532	-986.7227191086859
645.7962646994274	-984.789247428067
648.1097412614617	-982.9380511427298
649.3222046408337	-980.881532587111
650.9197388211032	-979.4952410808764
651.9777222176781	-977.6132830758579
653.4775391142466	-975.5700701856986
654.6394043467008	-973.5904559283517
655.6546631361125	-971.5971697950736
656.5172119643539	-969.5779437203892
657.2174072766211	-967.3916033846326
657.7949219252914	-964.8056048494764
658.5864258321235	-962.9243182302453
659.0075073739281	-960.8684710646048
659.3801270035328	-958.4035052452236
659.6175537617528	-956.398866570089
659.6615601103986	-954.3470477224328
659.5534058135236	-952.1696795597672
659.3813477076474	-949.6517962580547
658.9688721208367	-947.0805682311766
658.1370239774697	-945.1816424508579
657.1307983902516	-942.713075554464
656.5593872574391	-940.7843035832047
655.0805664559593	-938.9810198890045
653.8386841326719	-937.3277606139891
652.5040894061676	-935.8291644235142
650.9661865752423	-934.3772601275705
649.2401733904844	-932.9438494835049
647.5728760274942	-931.5503558306955
645.3073120627087	-929.6572283902206
643.4338379418477	-928.0917987013236
641.3244629406836	-926.3297137380578
639.6860352063086	-924.9610003614798
638.3073120614863	-923.3190936236642
636.7678223159164	-921.7339495765045
634.0192261259072	-920.2278460646048
632.3141479991027	-918.8034686236642
630.4188232935849	-917.2200946006924
628.2101440947736	-915.3753069997765
626.3355713406345	-913.8095721397549
624.2329712413484	-912.0542010450736
622.3105469259317	-910.4494647160172
620.0354614760727	-908.5493182330392
618.1499023947399	-906.9741229182109
616.1270752462442	-905.2846697936766
613.8930054225493	-903.4194354172796
612.1770020049298	-901.9870013375767
610.344726612384	-900.4572161789984
608.2568359879078	-898.7131976266392
606.6077881359961	-897.3356341477484
604.8267212411738	-895.8469866877422
602.8325195817742	-894.1853045583703
601.2765503436094	-892.8826922532171
599.652893116232	-891.5245379577391
597.1840210467344	-889.4578265314922
595.3911743671633	-887.9596575880423
593.0742188016884	-886.0217303410172
590.7673340360634	-884.0918597346172
588.5543213392375	-882.2421282907017
587.2329712415813	-880.4122332711704
585.0936279797461	-879.349306023214
583.0830688990536	-877.6683367881924
581.1181641139556	-876.0256365905516
579.1601563001168	-874.3882464538328
577.1499023947399	-872.7072772183456
575.3565674334532	-871.2077654986642
573.570556692197	-869.713991085533
571.8473511254415	-868.2730120797642
570.1892700713361	-866.886659538839
568.5837402848992	-865.5443133474328
566.7218018088024	-863.9873065100983
564.8060913599329	-862.3852557269856
563.1992188012227	-861.0412005563267
561.3284302275861	-859.4761370774359
559.4525757335359	-857.9069842463359
558.0540771998349	-856.3751238957047
556.1737671413575	-855.1646746783517
554.6196899923962	-853.8646258446388
552.9521484879078	-852.4689959674142
551.429199268634	-850.8086566119455
549.6955566918477	-849.743104851339
547.8870239770622	-848.2297991849482
546.3521729027852	-846.9464129577391
544.7657471220591	-845.6215228224173
542.9297485852148	-844.0905169639736
541.2708740739617	-842.794618524611
539.4725342298625	-841.6078509432264
537.7487793471664	-840.5072039733641
535.6501465355977	-839.7058123690076
533.5957031748258	-839.0620135432109
531.3602905789157	-838.4163226261735
529.3792114772368	-837.8756732125767
527.2343140159501	-837.4510516305454
524.7178955590352	-837.2539691105485
522.4620972180273	-837.2621478191577
520.4644775897614	-837.4041766263545
518.1721802263637	-837.7791155930609
516.091735891765	-838.3624285836704
513.8911743669887	-839.1414202819578
511.99029546091333	-839.9860247741453
509.8919373063836	-840.9898699903861
507.9612732450478	-842.1113299485296
505.9920654796297	-843.3942278972827
504.140747121186	-844.8289813157171
502.61486821388826	-846.2347430340014
500.8581238313345	-847.9976214529015
499.1949158224743	-849.9017962571234
497.7265625502914	-851.6785296574235
496.4387512721587	-853.2269915682264
494.95468144805636	-855.0129412803799
493.4763184093754	-856.7916278024204
492.5357971689664	-858.7637957683764
490.7247620129492	-860.1045550480485
489.3464661159087	-861.7637957683764
488.06442265724763	-863.3145159850828
486.78555302962195	-864.8597430335358
485.29620366427116	-866.658876337111
483.9035645047552	-868.3411883465014
481.8097229519044	-870.8703631507233
479.59683232649695	-873.5445574852638
478.080993702868	-875.3763445969671
476.6548462413484	-877.0998553410172
475.1750793971587	-878.8905047569424
473.8977966817911	-881.4382952814922
471.83361821388826	-882.8626116896048
470.391601614072	-884.5751971369609
469.0422974129906	-886.1772479191422
467.3427429709118	-888.1975726261735
465.6443481956376	-890.2165545616299
463.4216309093172	-892.8584002619609
461.8323669951642	-894.7473162780516
460.3190918469336	-896.5459002633579
458.79898076399695	-898.3521136431955
456.7818298850907	-900.7493304386735
455.320434621186	-902.4857195969671
453.66339116357267	-904.4548968416639
451.8424988305196	-906.6184100294486
450.3345032245852	-908.409852898214
449.351623584982	-910.4846820025705
446.963134817197	-912.41400329303
445.3716125986539	-914.3040179400705
443.8373108409578	-916.130983273033
442.1244202175876	-918.0873431349173
440.69692998187384	-919.6953753586859
439.02597050904296	-921.5805682325736
437.44250493403524	-923.3723162789829
436.10888676863397	-924.9046038747765
434.47171025536954	-926.7847308306955
432.8110046888469	-928.6911639324389
431.3714905285742	-930.3440570011735
429.7081299346173	-932.2546404958703
428.26144414191367	-933.9155291677453
426.8479919946403	-935.5383929386735
425.34234624321107	-937.2671527038328
423.8572388214525	-938.9718035808764
421.998199514579	-941.1052264315076
420.34667973889736	-943.0001238952391
419.44186406425433	-944.7935198885389
416.96847539313603	-946.8762835650705
415.48193364514736	-948.5828875657171
413.9038696788484	-950.395936881192
412.4256287139142	-952.0956439143047
410.867126515368	-953.8872698890045
409.4018860370852	-955.5715960646048
407.76837163383607	-957.4484271151014
406.35980229778215	-959.0968035832047
405.1282959485543	-961.4611834636889
403.5895691420883	-963.3800677424297
401.4153748061508	-964.9978045625612
399.4567261240445	-967.3340472332202
398.14645390736405	-968.8970355167985
396.805999806209	-970.4960345411673
394.87710576399695	-972.7933978233486
393.549499562243	-974.4253558274359
392.42340092966333	-976.7373065138236
390.38946538214805	-978.3463152982295
389.12142949475674	-979.918886101339
387.1606750993524	-982.3505877624266
385.7763977565337	-984.0684222374111
384.40283208189066	-985.7738665733486
383.49951176997274	-987.9414691082202
381.28469853743445	-989.6416033869609
379.7198181662825	-991.5806903019547
378.26116948464187	-993.3878192082047
376.90545659326017	-995.0661029005423
375.7296753436676	-997.2572039738297
373.71054082142655	-999.0169085627422
371.97323613485787	-1001.1685809278861
370.4714661152102	-1003.0282611050643
369.3125305676367	-1004.9828509427607
367.72323613456683	-1006.4357928368263
366.2972412611707	-1008.21106139943
365.1741028331453	-1010.0737322955392
363.2264099632157	-1011.2880877624266
361.4050903834286	-1012.8039569044486
359.4540100612212	-1013.9455584646203
356.76022343942896	-1015.0608538761735
354.582885793061	-1015.9243182297796
352.24871831195196	-1016.4929827800952
349.85791020607576	-1016.8413714533672
347.28643803991145	-1016.9492205749266
345.19287114514736	-1016.7813128600828
342.57669072563294	-1016.4225482111797
340.1809387720423	-1015.843202508986
337.8640137229813	-1015.0541400057264
335.68240361561766	-1014.1610735990107
333.4612732443493	-1013.1042498722672
331.2249451193493	-1011.7745379568078
329.44412236486096	-1010.4758929368109
327.53103642724454	-1009.0822772141546
325.57586674933555	-1007.6577166677453
323.54293828230584	-1006.178834835533
321.50833135005087	-1004.654970087111
319.5378418468172	-1003.172059929464
318.0782471214188	-1001.5967425471172
315.9706421401934	-1000.4877947936766
313.96228032477666	-998.9772357116453
311.7223816419719	-997.2384661785327
309.7678833514219	-995.7227801452391
307.60495000111405	-994.0454730149359
305.1306763194734	-992.1260394230485
303.60656743322033	-990.4759539733641
301.28292851836886	-989.1411761436611
299.53594975860324	-987.7742938161828
298.1224670925876	-986.2434710622765
295.695465139579	-984.742860712111
293.29562382929726	-982.8493670583703
290.8199463398196	-980.8960589538328
288.8849487825064	-979.3690814147703
287.2724609875586	-978.096620476339
285.18344121373957	-976.4479998727329
283.0963745629415	-974.8012713561766
281.34231572493445	-973.4176654014736
278.7672424823977	-971.3870257497765
277.45318608544767	-969.7241839566268
275.5152283220086	-968.8225115933456
274.1165771994274	-966.9961566096172
271.9079590354813	-965.9783343421295
269.4595032252837	-964.0483416696079
267.00985722930636	-962.1173724289984
264.6141052765306	-960.2285784850828
262.41613774653524	-958.4956072946079
259.91314702446107	-956.5216693039984
257.4881897473824	-954.6231097327545
255.13581853243522	-952.80462829303
253.02310185867827	-951.1707171564922
251.2330475364579	-949.7859515319578
248.6391907244688	-947.7789324861951
246.42872624762822	-946.0683612003922
244.00744634086732	-944.1942156930454
242.0748901864863	-942.6985491877422
240.0524139906629	-941.1335467495956
237.92956548091024	-939.490907585714
236.27838139777305	-938.2132586617954
233.9577789811301	-936.4177874685265
231.70260625286028	-934.673036494758
229.66813664819347	-933.0991229191422
227.1989288837649	-931.1884783883579
225.03302007034654	-929.5137957674451
222.44972234149463	-927.5172137394547
220.3763275644742	-925.9097308297642
217.63818364479812	-923.7590350294486
215.13337712589419	-921.7903460660018
212.2389679455664	-919.5005511399359
210.97465520282276	-917.7503070025705
208.43287663691444	-916.482850945089
205.17533879703842	-913.9014300471172
202.76478581747506	-911.9897479196079
201.0980072541861	-910.6668109055609
198.75488286354812	-908.8068255563267
197.0480042010313	-907.4517840533517
194.70336919173133	-905.5900897188112
192.1740265400149	-903.6037615882233
190.3062286885106	-902.1516131507233
188.19052129011834	-900.5072039738297
185.42364507052116	-898.3562640342861
184.49909978255164	-896.4675921564922
181.33660893852357	-895.178895869758
179.22660832689144	-893.5390032934956
178.32652287726523	-891.6450213552453
175.65356450504623	-890.7624529972672
173.41487126611173	-889.0235003586859
171.791595509334	-887.7628192054108
169.85775761981495	-886.2611712580547
167.511337331729	-884.4396990924142
165.44798283930868	-882.8374652061611
163.15866094036028	-881.0590838566422
161.25909428892191	-879.5842303424142
159.72378545085667	-877.3662737980485
157.632598927652	-876.7678240924142
154.94715886493213	-874.6817645216361
152.92549138324102	-873.1104754563421
150.6544647734845	-871.3447283892892
149.44180302909808	-869.2307147164829
146.66140752204228	-868.2397479172796
144.0802155046258	-866.2310809260234
141.91711430903524	-864.5478533888236
139.73492436629022	-862.8500994821079
137.31686406565132	-860.9680194044486
134.3576355498517	-858.6621111999266
132.6015625516884	-857.2935198917985
129.53157048451249	-854.900331415236
126.88459019945003	-852.8367938185111
125.020446827868	-851.383241572883
122.35076146363281	-849.3012103233486
120.49362950754585	-847.852968132589
118.86843114194926	-846.5853900094517
115.20534520410001	-843.7267474341206
112.49258427903987	-841.6097430372611
110.51631169731263	-840.0676287761889
108.9012222791207	-838.8064593430609
106.92694096884225	-837.2640399122611
103.80534367961809	-834.8228777972981
102.06801610428374	-833.4633807311766
100.08581548032816	-831.9130877624266
97.3439865623368	-829.7699603219517
95.42310338298557	-828.2688006511889
92.36078649002593	-825.8759783869609
89.35174565587658	-823.5250262385234
87.81501775165088	-820.8140887403861
84.42687993432628	-819.6771258497611
81.03649144578958	-817.0282000647858
79.63148503564298	-815.0950335655361
76.45589452167042	-813.4502581739798
73.57737736974377	-811.2007464552298
70.03201298951171	-808.4277972350828
67.41942601563642	-806.3839129558764
64.27386479766574	-803.9214495769702
60.41002660035156	-800.8947772164829
58.81469350110274	-799.6443499666639
55.358898213133216	-796.9339617853984
53.72657399484888	-795.6527728196234
52.06687550898641	-794.349855337292
50.11503987573087	-792.8172625652514
48.48317723517539	-791.5357684288174
46.80427174968645	-790.2167987008579
44.52194219024386	-788.4227923545986
41.54022603359772	-786.0787371783517
41.54022603359772	-783.9917620806955
38.86594777402934	-783.9917620806955
35.017330220958684	-781.0063494807109
32.596622517565265	-779.1313494793139
29.889884999603964	-777.0296038757078
27.740943960030563	-775.3603533850983
26.0553799191257	-774.050966180861
24.29475789325079	-772.6832293649204
20.518047383520752	-769.7500628596172
18.88058858353179	-768.4779681349173
17.64234547968954	-765.7702044639736
15.408522656245623	-765.7702044639736
13.774194768513553	-764.4880999713205
11.711970380158164	-762.874452510383
9.961998989572749	-761.5117205744609
8.349813512002584	-760.2572650066577
6.711096337996423	-758.9816302414984
3.3157375367591158	-756.3368548504077
0.3617033570772037	-754.0359515319578
-1.8505181762157008	-752.3141497713514
-4.4530133694643155	-750.2905291714706
-6.321432062948588	-748.8380755526014
-9.595886180293746	-746.2933367853984
-12.905732104263734	-743.72259704303
-15.422360369819216	-741.7688616877422
-17.493616053892765	-740.1613787799142
-20.199319787323475	-738.0628680340014
-21.83437342243269	-736.7957171583548
-24.55457873013802	-734.6883563185111
-26.485752055770718	-733.1922625652514
-28.111844965140335	-731.9323748694733
-30.575689265679102	-730.0239886385389
-32.3326301057823	-728.6638812213205
-35.09217447874835	-726.5283221350983
-36.84420771175064	-725.1732195997611
-39.28455347765703	-723.2866839556955
-42.23269648302812	-721.0089129568078
-44.72876734472811	-719.0819110022858
-47.26782984496094	-717.1232928410172
-49.849609324126504	-715.1322039705701
-50.900634714460466	-713.2074603238143
-53.73202128068078	-712.1382464542985
-56.082447001943365	-710.3264788780361
-58.59714503027499	-708.3886736994609
-60.97302622429561	-706.55853454303
-63.46133417764213	-704.6450823908672
-65.70244593312964	-702.931825553067
-67.81832880736329	-701.320009148214
-70.16561884561088	-699.5249041700736
-72.73834986356087	-697.5578021164984
-74.72673792531714	-696.0375994807109
-77.42341608612332	-693.9750994849019
-79.3029708347749	-692.537050166633
-81.8906859838753	-690.5570696974173
-84.26183313911315	-688.742128290236
-86.02714533451945	-687.390809932258
-88.29286188771948	-685.6563738975674
-90.06583399442025	-684.2990740896203
-92.56056208326481	-682.3885516300797
-93.66293329873588	-680.0178851261735
-96.94458765618037	-679.0299090519547
-99.24590296426322	-677.2663592472672
-101.32984156295424	-675.6694354168139
-103.9031142675085	-673.6969622750767
-105.80392450885847	-672.2398699899204
-108.36586756457109	-670.2769793635234
-111.5378341168398	-667.8178729191422
-114.24623865855392	-665.7017230154015
-116.64521784405224	-663.8272723332047
-118.90354151511565	-662.0646990924142
-120.84318537410581	-660.5513323922642
-123.10060877387878	-658.7880877656862
-126.14868158922764	-656.4085711617954
-128.42216486710822	-654.6334246769547
-130.10453791194595	-653.3176287766546
-132.35137934266822	-651.5601824866608
-133.9333648167085	-650.324891959317
-136.60066217952408	-648.2423113929108
-138.86947626853362	-646.469911493361
-141.57792658504331	-644.3549822936766
-143.48898310406366	-642.863466180861
-145.20797724474687	-641.5211199913174
-147.12646479334217	-640.0220965510234
-149.54638666810934	-638.1303729168139
-151.77302546147257	-636.3891619821079
-154.33489985053893	-634.3854998718016
-156.41877741541248	-632.7556170597672
-158.8017425026046	-630.8922747750767
-160.8171386218164	-629.3167742853984
-163.1763915498741	-627.4729022150859
-164.36563105136156	-625.5645770221017
-166.4437713114312	-624.9182147146203
-169.03916926018428	-622.8882464538328
-171.7533263657242	-620.7650164719671
-174.0653838608414	-618.9561175471172
-175.4484405006515	-617.1292132507078
-178.38151545193978	-615.5792254563421
-180.71110529522412	-613.7561053391546
-182.4223632303183	-612.4168109074235
-184.77204889815766	-610.5780047522858
-187.4393767802394	-608.4905413733795
-190.01881403499283	-606.4719256525859
-192.12492365576327	-604.8237322932109
-193.7089385475847	-603.584108273033
-196.4690551245003	-601.4241351271048
-198.63970942259766	-599.7255267282017
-200.86201471893582	-597.987184444908
-202.6565398662351	-596.5835589519702
-204.97334284475073	-594.7713030944578
-207.3907775359694	-592.8801287808456
-210.29553217522334	-590.607118523214
-212.94577021262376	-588.5335101261735
-215.20326227881014	-586.767274774611
-217.70314020698424	-584.811891476158
-219.23997492343187	-582.9136981116608
-221.28288263839204	-582.0116595411673
-223.63082880631555	-580.1738299480639
-225.27172846579924	-578.8891009474173
-227.42501825862564	-577.2029437208548
-229.48461909010075	-575.5902117877267
-231.12184137979057	-574.3081683265045
-233.2004241438117	-572.6807269235142
-235.5986022442812	-570.8026141272858
-237.8894957996672	-569.007997432258
-239.09652704757173	-567.0807513361797
-241.4197692356538	-566.2327288752422
-243.93466181342956	-564.243837273214
-246.07992548623588	-562.555848991964
-248.0666503389366	-560.995057977736
-250.37976069172146	-559.1770648127422
-252.65847773174755	-557.3848895183764
-254.58004755683942	-555.874452506192
-257.2239684538217	-553.7949847346172
-259.34063715615775	-552.1317156907171
-261.04980463709217	-550.7902239901014
-262.8025207001483	-549.4134539742954
-265.4494933569804	-547.3313616900705
-266.4192199197132	-545.5727557321079
-268.4726256809081	-544.9533099303953
-270.6477050271351	-543.2445086613297
-272.7593993633054	-541.5866107097827
-274.98101801471785	-539.8430804400705
-277.243255563546	-538.0654925480485
-279.305084176478	-536.4445819011889
-281.5278014619835	-534.6965350266546
-283.7087707017199	-532.9818133488297
-286.44134516466875	-530.8308734078892
-288.6846923313569	-529.0629290710203
-291.127105662541	-527.1381854214706
-292.15859980357345	-525.0803240914829
-294.9664611299522	-524.1110858102329
-297.37213129666634	-522.2126483102329
-300.0129394023097	-520.1275042658672
-301.65106196014676	-518.8342913757078
-303.76977533858735	-517.1610125661828
-305.67001337755937	-515.6592425475828
-308.5197753396351	-513.4050921569578
-310.99771112948656	-511.4431780939922
-313.80828852404375	-509.21872130502015
-315.41464228217956	-507.9480303893797
-317.6065673312405	-506.21426574140787
-320.25451654958306	-504.11981383664533
-323.025054879894	-501.92672911612317
-325.3693847138202	-500.1077899108641
-326.39959711639676	-498.1603411785327
-329.37496943050064	-497.09433166263625
-330.4405211893609	-495.2261675973423
-332.6992186983698	-494.5936602712609
-334.1128234358039	-492.5862139821984
-336.45532221446047	-491.7683123727329
-338.8533629854792	-489.94882384408265
-341.1500853985199	-488.1566485534422
-343.23321528179804	-486.53067199047655
-345.56631464668317	-484.71081725368276
-347.71563715511	-483.0338153000921
-350.0251159159234	-481.2313250666484
-351.6101073715254	-479.9932879600674
-353.5828856922453	-478.45132628735155
-354.8936461902922	-476.4386614942923
-357.5525512181921	-475.35009948024526
-359.6323852018104	-473.72339049866423
-362.4260253396933	-471.53680602274835
-364.9956969694467	-469.52270690351725
-367.46139521256555	-467.5891741863452
-368.391448924609	-465.56909362319857
-371.45208735152846	-464.46444884547964
-374.0778502910398	-462.4080828819424
-375.1611022432917	-460.5940875178203
-377.7262572736945	-459.5473345872015
-379.53036493994296	-458.131196891889
-382.27426142274635	-455.9743975796737
-384.925109812757	-453.88946715695783
-387.9819030261715	-451.48617736203596
-390.1054381809663	-449.81643859297037
-393.0503539527999	-447.5025042667985
-395.21578974393196	-445.80236998805776
-398.0583495592	-443.57205382874236
-400.4739379378152	-441.67736998945475
-402.8323668912053	-439.82733336789533
-404.3159179188078	-437.91256896127015
-406.419250437757	-437.0145281921141
-409.020111032296	-434.97552672587335
-411.0573729968746	-433.3787249689922
-413.57159418798983	-431.40744201280177
-415.941589305643	-429.5489520211704
-418.07531733083306	-427.87542907334864
-420.10568232112564	-426.28283873945475
-422.16488642268814	-424.6675738473423
-424.1625060517108	-423.10437194257975
-426.4900512174936	-421.1613177442923
-428.1204833483789	-419.7252520704642
-430.32507319166325	-417.78964415891096
-431.90112299483735	-416.40796080976725
-433.762756295735	-414.77676574280486
-436.0634765116847	-412.75927917053923
-437.960784860712	-411.09424010431394
-439.732482858235	-409.5391253619455
-442.2275084941648	-407.3486651550047
-444.1674804170034	-405.6451739426702
-446.038085887325	-404.0032366886735
-447.90429682366084	-402.3665179372765
-449.7387999986531	-400.7576617375016
-451.63613886537496	-399.09146300610155
-453.4132995092077	-397.53058043913916
-455.08468622900546	-396.06363097345456
-457.16223139467184	-394.24151793681085
-459.6753539534402	-392.0478533883579
-461.3516845185077	-390.59121886780486
-463.12106318201404	-389.0486773625016
-464.62036127678584	-386.862733760383
-467.1108703103382	-385.5673541231081
-468.8522948700702	-384.047639766708
-470.4850768543547	-382.6226824899204
-472.02139277005335	-381.28271666914225
-474.12521357287187	-379.454286494758
-476.15884394419845	-377.5366229210049
-478.3036193336593	-375.48495665891096
-479.81216425448656	-374.04229918587953
-481.7037353008054	-371.9463824420236
-483.6116942851222	-369.81146422727033
-485.46228022221476	-367.73889342835173
-487.16983027150854	-365.57068053865805
-488.3891295872745	-363.35342589672655
-489.9883117162972	-361.88870422076434
-491.240142771916	-359.9264849824831
-492.34127802599687	-358.17086974717677
-493.228637644439	-355.93780700070783
-494.32437128789024	-354.24307433655486
-495.2267455550027	-351.6137408413924
-495.74520869000116	-349.3823870792985
-496.2044372052187	-346.6899127140641
-496.5274047330022	-344.14123717788607
-496.6515502415132	-341.3394183306955
-496.61379999748897	-338.9549884023145
-496.41870112123434	-336.52487365016714
-496.0867309049936	-333.9840106149204
-495.54595942236483	-331.5422686720267
-494.76492304354906	-329.14315978391096
-493.9991149386624	-327.1299456730485
-493.18258661974687	-325.2497271662578
-492.02380366041325	-322.994478141889
-490.6752013656078	-320.90442077070475
-489.064514109632	-318.7099627624266
-487.95013422734337	-316.5533160334453
-485.6750487766694	-314.4168719444424
-483.71459955733735	-311.94766417937353
-481.86660761456005	-309.6904009929858
-479.93884272145806	-307.4329241877422
-477.9041442355374	-305.1989764329046
-476.18432612053584	-303.3920001187362
-474.8363036609953	-301.40841857297346
-472.7222289519268	-300.1452044644393
-471.1335753877647	-298.76931945234537
-469.3505248524016	-297.21866027172655
-467.79248041828396	-295.9358843942173
-465.74716181412805	-294.31247130641714
-463.77249140437925	-292.820161734242
-462.28018183331005	-291.03427306655794
-460.15127558482345	-290.1216448917985
-457.88461298530456	-288.49795714812353
-456.3471679172944	-287.1638201875612
-454.4539794410812	-286.32962218672037
-452.1598205063492	-284.8780841017142
-449.7721557097975	-283.3688067551702
-447.20846552419243	-281.74835387198254
-445.46340937295463	-280.6458148136735
-443.4125976055511	-279.3491229196079
-441.1904906714917	-277.8805865426548
-439.2456359343487	-276.5967730670236
-437.49890131509164	-275.44369689468294
-434.69436640443746	-273.59088317351416
-432.53558344434714	-272.16382018569857
-430.77871698950185	-271.0033892747015
-428.4135741679929	-269.4412860032171
-426.3797606922453	-268.0983599778265
-423.76098627690226	-266.36941711138934
-421.6962584943394	-265.00595275405794
-419.3096312970156	-263.42904845718294
-417.1286620593746	-261.9875506563112
-414.8285521956859	-260.46747008757666
-412.70391840598313	-259.0625933809206
-410.43582148104906	-257.56183043820783
-408.50411982263904	-256.2854022155516
-406.0693358866265	-254.67914000991732
-403.97970576025546	-253.29985228879377
-401.6659850568976	-251.77235595183447
-399.818481394439	-250.55281249666587
-397.79364008642733	-249.21272460231557
-395.9606017548358	-248.04792968090624
-393.99011225334834	-246.82588378712535
-391.8758544421289	-245.51243773754686
-390.16543574107345	-244.44947997434065
-387.8645934542874	-243.0200366145
-386.179595896916	-241.0170916696079
-383.8051452137879	-240.49922362947837
-381.2444762663217	-238.90765563445166
-379.10894770291634	-237.58127013547346
-376.58572382619604	-236.0141619835049
-374.18133539828705	-234.5211352496408
-371.56079096434405	-232.89514342602342
-368.3834838361945	-230.92343322234228
-365.9602660621749	-229.42106810957193
-363.14614863006864	-227.6797503591515
-360.5992736314656	-226.10179320489988
-358.8365172825288	-225.0055407662876
-356.34063715615775	-223.4497546320781
-353.67422480188543	-221.71582214394584
-350.7461547345156	-219.80606261780486
-348.3235778299277	-218.24240294704214
-345.79910273244604	-216.6807269216515
-343.52102655998897	-215.27278319839388
-341.94662470539333	-213.4754504300654
-339.04290766385384	-212.50418273592368
-336.7649840795784	-211.0959948664531
-334.9135436513461	-209.95111266709864
-332.483398385637	-208.4479846144095
-330.09698481252417	-206.96403686050326
-327.37680048681796	-205.1718310485594
-325.2844542940147	-203.7776202331297
-323.00894159957534	-202.2616442795843
-320.4785155742429	-200.5817431565374
-318.49874872824876	-199.26344481902197
-316.3189696763875	-197.87323180399835
-313.9361266580527	-196.38549987552688
-311.8673705535475	-195.09300414612517
-309.7674560028827	-193.78120604995638
-307.27127070131246	-192.2227343688719
-305.2259215802769	-190.94568053726107
-302.92080683412496	-189.50683776149526
-301.7281798798358	-187.87030212022364
-299.0508117171703	-187.09028808027506
-296.5545348622254	-185.53099242737517
-294.31573481252417	-184.13258544309065
-291.2103576143272	-182.19346801191568
-288.4395751443808	-180.46370116481557
-285.9318541963585	-178.89845458464697
-284.15338129666634	-177.78822509385645
-282.72354120906675	-176.2362994318828
-279.8373107399093	-175.09352294402197
-276.4586181124323	-172.98391906078905
-275.3057250470156	-171.22894469741732
-271.76013178454014	-170.04991332208738
-268.57922358298674	-168.063676756341
-266.56765741936397	-166.80769530730322
-263.6052550758468	-164.9574298048392
-262.36706537852297	-162.8643511920236
-260.25457758514676	-162.8643511920236
-258.51214594591875	-161.77626220230013
-256.40454096428584	-160.46066466765478
-253.27726740494836	-158.5090960636735
-249.95242304517888	-156.43373290495947
-248.10459894902306	-155.28001586394385
-245.98449701897334	-153.9560870300047
-244.24085993453627	-152.86699096206576
-240.9483336895937	-150.80973998410627
-239.2915038553765	-149.00758544402197
-235.99345392768737	-147.7140978933312
-234.28459162486251	-146.64636413007975
-231.1109618624905	-144.69194213161245
-227.55993647151627	-142.5569323678501
-225.9565886950586	-140.41035643965006
-222.74496454768814	-139.66359130525962
-221.50569147622446	-137.99080077651888
-218.13391108228825	-136.89071837998927
-214.69644159916788	-134.8245867867954
-212.0687713114312	-133.2454852219671
-209.16525263420772	-131.49403564073145
-205.98233027011156	-129.54052916634828
-203.32145685784053	-127.90674773789942
-200.67098993924446	-126.2804888850078
-197.6435088601429	-124.42310515744612
-195.38681025069673	-123.03867522533983
-192.50463862041943	-121.27031890349463
-189.6575774634257	-119.52311889175326
-187.19650263432413	-118.0126818777062
-185.92778010066831	-116.33333770185709
-183.24783320038114	-115.58909789426252
-180.66491694218712	-114.00352660473436
-178.5907897434663	-112.73037901939824
-177.194900461589	-111.16239348612726
-174.5101775614312	-110.22462645871565
-172.52110285451636	-109.00277892686427
-170.00955195189454	-107.46019927319139
-167.5654906706768	-105.95948973903432
-165.68864435883006	-104.8073367276229
-163.353744455555	-103.37429229030386
-161.14135737146717	-102.01605406962335
-158.92007441166788	-100.65160552179441
-157.00064081745222	-99.47276488505304
-155.1211242164718	-98.31911650998518
-152.97795099887298	-97.0039462200366
-150.78900141466875	-95.66073027672246
-149.06723017297918	-94.60410491330549
-146.8362426244421	-93.23454467160627
-144.54415888444055	-91.84510222868994
-142.65139765513595	-90.73491851426661
-140.47167963685934	-89.45606414228678
-138.3332671605749	-88.20106688933447
-136.09976191242458	-86.89039794355631
-134.30232233647257	-85.83587066223845
-131.80891413241625	-84.3726138244383
-129.6472777806921	-83.10375395929441
-127.1356276961742	-81.62932769022882
-124.73457331419922	-80.21929351380095
-122.32494349149056	-78.80468932585791
-120.04741663706955	-77.46827880432829
-118.2087478133617	-76.38971129897982
-115.77534479729366	-74.95988646708429
-112.86354059790028	-73.24877349380404
-109.87272638897412	-71.49190704151988
-107.36787409364479	-70.02003661496565
-103.96324152569287	-68.01892272382975
-101.5343474833644	-66.59187499154359
-98.70608515408821	-64.93011657102033
-96.0445022083004	-63.3661288395524
-93.72369379666634	-62.00232878886163
-90.77386469603516	-60.268663324881345
-88.50465388037264	-58.9348239088431
-85.99634546844754	-57.46053878264502
-83.18188471411122	-55.80644026910886
-80.79214472376043	-54.38348952541128
-78.81192011514213	-53.17706862650812
-76.22827143443283	-51.60421172576025
-74.11439508979674	-50.31826201919466
-72.80699152615853	-48.74773589428514
-70.76820368348854	-48.28258696850389
-68.14476008014753	-46.686345973052084
-65.98139948549215	-45.37323943153024
-64.26776880945545	-44.28941146237776
-62.31115717580542	-43.03186217835173
-59.839248605887406	-41.44536391738802
-57.76143641048111	-40.11269561201334
-55.565109201241285	-38.703935540281236
-53.14645380660659	-37.153882898855954
-51.14806360856164	-35.877145688049495
-48.83225245133508	-34.40102950297296
-46.125656076706946	-32.67079344810918
-44.24395746871596	-31.46906272135675
-42.139186808723025	-30.125787653494626
-39.949253031401895	-28.728017724584788
-38.430492349900305	-27.22475615842268
-35.51184458413627	-25.896823801100254
-32.72723383491393	-24.121644891332835
-30.392082162725274	-22.635780251119286
-28.068237252999097	-21.032686149701476
-25.335082957171835	-18.829324641730636
-22.925954767270014	-16.879218973685056
-20.934833475505002	-15.274248040281236
-18.365114160929807	-13.202422061935067
-16.15126604679972	-11.416496193036437
-13.734637210320216	-9.493102943524718
-11.869182536844164	-8.04483691509813
-9.76356215128908	-6.40896169282496
-7.838900992879644	-4.911842264700681
-6.441883513587527	-3.1189684025011957
-3.408577630063519	-1.4678423758596182
-1.2287045202683657	0.22497265925630927
0.7408534794813022	1.7548606004565954
3.1310990359052084	3.6113816159777343
5.3395357637200505	5.325083814561367
7.807817986176815	7.239612184930593
10.373275808582548	9.230605205055326
12.2536659759935	10.686085780151188
14.71158032672247	12.701482855714858
17.123226216062903	14.711319047491997
19.448371938429773	16.6409035557881
21.111120274406858	18.088911139406264
23.491188100306317	20.210210881195962
25.632358601898886	22.115697941742837
27.26859669969417	23.57107361452654
29.32053189596627	25.381996237207204
31.115419438225217	26.948822104372084
33.20824437553529	28.777298057917506
35.27436070662225	30.549369893968105
37.10433202062268	32.03740509506315
38.88985448109452	33.49167450610548
40.77509312913753	35.023450932931155
42.556041767587885	36.53581436956301
44.18296437483514	37.95356186712161
46.814117481873836	40.23953446140513
48.50844197510742	41.71050842758268
50.46330266376026	43.40812500426546
52.41040807106765	45.09909638110548
54.19023518869653	46.64488800801337
55.30854420986725	48.479139409493655
57.179649402736686	49.24117859127
59.143775990989525	50.946962440386415
61.11785893671913	52.66140946093947
64.10367589333327	55.25464447308332
66.28328709909692	57.147790991701186
68.91889958688989	59.437128147576004
71.3225174449617	61.52497299620882
73.83575444488088	63.708067023195326
75.12332158436766	65.78324707364663
77.59091191564221	66.9703656071797
79.11539464315865	68.29463776154444
80.75548558461014	69.71925934497267
81.63517003355082	71.63294037338346
84.90962987364037	73.32765015028417
87.43858342588646	75.52483948227018
90.37820439657662	78.0790081853047
92.0108643079875	79.49756439728662
94.72649388742866	81.85706146759912
96.36236577288946	83.2785244830884
98.02642064460088	84.72448547836393
99.23167424427811	86.81878479477018
101.9945145152742	88.17228516470641
103.38594823202584	90.80692108720541
106.16442113288213	91.79608734557405
107.6945419816766	93.12608917802572
110.16045384807512	95.26888092653826
111.7912216699333	96.68578919069842
114.33093266701326	98.89265259355307
117.3089752709493	101.47775848954916
119.91381078062113	103.82680328981951
122.18251042743213	105.90709503553808
124.31959538743831	107.86702545918524
126.5985336805461	109.96250733081251
129.03576665133005	112.21046265168115
131.34951787203318	114.34750946518034
133.52078252128558	116.34737976687029
135.08973698987393	117.79243286605924
136.92539983068127	119.48345001740381
139.24174504663097	121.61787994764745
140.40919499646407	123.49602325819433
142.5084381623892	124.6291256765835
144.55079655884765	126.51140411756933
146.20484929496888	128.03545960318297
148.2660065215896	129.935361945536
149.83706670056563	131.38197144586593
151.7996826687595	133.18925293488428
153.3149567162036	134.58457764377818
154.95729070110247	136.0969067439437
156.60350041819038	137.5867749089375
158.21185307833366	139.01141174929217
160.68336491973605	141.20422180648893
162.75236516271252	143.0403271568939
165.20602422126103	145.09673889447004
167.12049870891497	146.59779175324365
168.76943974755704	147.89529236685485
170.94149785325862	149.60352905886248
172.73605351842707	151.0160351623781
174.17805486125872	152.57647522352636
176.39315800904296	153.4883862384595
178.38136296591256	154.70246704528108
180.83956914156443	155.70504578156397
183.16673283919226	156.43800171511248
185.61117558693513	156.8650799621828
188.10742192470934	157.23037537140772
190.25427251204383	157.45808228012174
192.70474248257233	157.63068970292807
195.2880402111914	157.62537964386865
197.736923269229	157.4043408264406
199.97720342047978	157.01807983778417
202.26554875751026	156.36344727221876
204.57052617444424	155.50739868963137
206.68046574946493	154.55795105546713
208.95399480080232	153.4506207332015
211.10505681321956	152.3280926560983
213.34555058856495	151.10662659164518
215.3333282971289	149.90771301835775
217.2652740997728	148.73878296464682
219.22297673654975	147.51479920232669
221.17898564669304	146.3010998587124
223.6818085233681	144.7550640925765
225.9735107937595	143.33382996125147
227.83018498739693	142.18139465805143
229.36941533413483	140.8094006422907
232.26966862974223	139.42367371032014
234.17118840641342	138.24140747310594
235.95420842571184	137.1327191228047
238.24076848401455	135.71154602523893
240.43453984550433	134.34795960085467
242.80484013922978	132.8750897264108
244.65426640887745	131.7259045476094
246.88748173997737	130.33567627565935
249.02041631110478	129.04813965735957
251.30329900165088	127.67860992997885
253.08360295649618	126.60980805242434
255.26252751750872	125.30168732441962
257.170410206425	124.15633209748194
258.9346313991118	123.09721954958513
261.2308655293891	121.71850403351709
264.0447083036415	119.97411163989455
266.0660095731728	118.72125824540854
267.64895634929417	117.04186829319224
269.78805547149386	116.415021980647
271.7404785670806	115.20566376112401
273.580627491232	114.06601532781497
275.68673711188603	112.76206787722185
278.3102112315828	111.138525090646
280.34432988392655	109.8799115056172
282.97750859503867	108.2498761061579
285.3378601591103	106.78858765400946
288.1572571314173	105.04366883076727
290.33761601767037	103.69462402816862
292.97775273630396	102.05888184159994
295.5345764665399	100.49997528688982
298.1418762713438	98.9239788884297
300.2615356950555	97.64195069018751
302.5423584486125	96.26190765853971
305.0950928244274	94.71693237824365
307.0361328642466	93.54203613940626
309.5066223642789	92.04656799742952
311.65509038208984	90.74598511308432
314.08071904431563	89.2777844290249
315.8633118181024	88.19861420337111
318.0871582538239	86.85170563496649
320.29602055822033	85.51325043383986
322.03552251076326	84.45868500415236
324.2703247588943	83.10388764087111
326.45953374292003	81.77721985662356
328.53878789162263	80.51706513483077
330.3905334979063	79.39324768539518
332.45047002087813	78.13760956050828
335.19293217972154	76.47171600861475
337.14685063646175	75.28394135273993
338.68634038220625	73.68401154316962
341.51416020607576	72.53826721804217
342.8323059595423	70.64498718921095
345.0805359384394	69.62302979081869
346.51025395665783	67.83804138889536
348.698730518925	66.72746857162565
350.8122559094336	65.18308838270605
353.2603455106728	63.38788040680811
355.7127991222078	61.59008225006983
358.21865849744063	59.768587194848806
360.7134094752837	57.99699982162565
363.2655029811431	56.2758694505319
364.7093201180687	54.68324097292498
367.0841370137641	53.73902329104021
368.90878300974146	52.62744339602068
370.41461186792003	51.238046725746244
373.0838318380993	50.099813545588404
375.6502380882739	48.54561051307246
377.6497498070239	47.33466156665236
379.47109990369063	46.23165711108595
381.627502491232	44.92599305091426
384.2798157255165	43.32041367329657
386.32617192470934	42.081739506684244
388.7475281280931	40.61628540745005
390.84783940552734	39.345258796121925
393.2308655299712	37.903249823488295
395.04547124158125	36.80519684497267
397.44815068587195	35.35107620852068
399.8154907730641	33.918043221812695
401.61996464966796	32.82565888017416
403.7720947783673	31.523140039294958
405.7091980490368	30.3500519618392
407.8774109403603	29.033344349823892
410.6260376480059	27.280841909814626
412.4574585459195	26.11223419988528
414.13418584136525	24.19933136412874
416.1707764174789	23.750799261033535
418.14282231690595	22.51895149750635
420.14273076469544	21.268440328072757
422.6476135752164	19.701587759424
424.42465215094853	18.589954459574074
427.24105840036646	16.828464589547366
429.36288457148476	15.501988494303077
431.28424077446107	14.30134876864031
433.2032471210696	13.10002716537565
435.54626469814684	11.674118124879897
438.2860718278098	10.020015796180815
441.2353516140138	8.235898098908365
443.0715637721005	7.1248455862514675
444.29620366491145	5.5015288214199245
446.5206909676781	5.037364564836025
448.8663330581039	3.6186807956546545
450.7994080102071	2.449417436029762
453.39447026577545	0.8795584696345031
454.84378056938294	-0.7277948027476668
456.929016163107	-1.2591934576630592
459.6235352073563	-2.8903500214219093
462.45312505064066	-4.60326949832961
465.355072071834	-6.360223688650876
467.96224980748957	-7.939160264562815
470.85525517736096	-9.691039957106113
473.9918213397614	-11.590362465940416
476.21817021776224	-12.938467897474766
478.9659119155258	-14.602387345395982
481.5647583507234	-16.176328575704247
482.9702454130165	-17.92252341285348
485.5190735377837	-18.57047072518617
487.78756719001103	-19.942867197096348
490.4075317882234	-21.527601160109043
492.88278203224763	-23.02516738139093
494.85061650694115	-24.215660013258457
496.5761414092267	-25.259340204298496
498.6015015154844	-26.48416511155665
500.0803528331453	-28.40061942441389
502.66696172056254	-28.941184917930514
504.45590215019183	-30.022376930806786
506.95977788220625	-31.535623466130346
508.80740361486096	-32.652196804992855
511.3469238789985	-34.18858519848436
514.5754395042895	-36.14280120283365
517.0502319849329	-37.63940230803564
519.786926320463	-39.29446593625471
521.6323242693907	-40.41053573042154
524.0404663593508	-41.86822692118585
526.5571289568325	-43.392488399520516
529.0455322766211	-44.89801970915869
530.5238647961523	-46.85767547227442
533.4596558121266	-47.566541590262204
535.7075195830548	-48.92542449152097
538.4196777855977	-50.56657973630354
540.6240234876168	-51.90239516552538
543.330749563349	-53.4357089176774
545.5648804220837	-54.6881083608605
547.992797902436	-56.052057183813304
550.4096069849911	-57.41067687375471
553.0825195810176	-58.913530265912414
555.4927979015047	-60.2687548766844
556.664733937243	-61.88994780788198
559.5474243669887	-62.54863921459764
562.5913696805947	-64.26040068920702
565.1177368677454	-65.68126861192286
566.4035645044642	-67.46214476786554
568.2835693878005	-68.17949096113443
570.8923950711032	-68.9297045879066
574.4151001485297	-70.9115924029611
576.9913330581039	-72.36184874968603
578.3343506370438	-74.28209868771955
580.4011841334868	-74.28209868771955
581.9600830577547	-75.87117949686944
584.5164795438177	-76.5983981299214
587.3545532728313	-78.1960772657767
589.1854248561431	-79.22657958464697
590.7387085462688	-80.78710356820375
593.1170654801535	-81.44039336685091
594.5491333521786	-82.90237609483302
597.7786865742528	-84.06509581813589
600.0333862820407	-85.33446685085073
602.8596191909164	-86.92448607645929
605.5191040550126	-88.42004577256739
607.9202881369274	-89.77737609297037
610.8854980975157	-91.48249999247491
613.0157471209532	-92.70752898603678
615.6981201674789	-94.24728575767949
617.8772583512473	-95.53271666774526
620.4268188987626	-97.08763305237517
622.5102539563668	-98.35717193316668
625.2802734888392	-100.04406920680776
627.2224121610634	-101.22649566130713
629.6652832538821	-102.7136172442697
631.7368774927454	-103.97471038158983
633.6147461447981	-105.11789122782648
635.8955688973656	-106.5063723679632
638.0850220231805	-107.83938781311736
640.5701904802117	-109.35286895139143
642.7407837425126	-110.67498198896646
645.4753418477485	-112.34077635919675
647.505859424884	-113.57824126584455
649.8696289570071	-115.01903716428205
651.373107959982	-116.55545989470556
653.7466431172797	-117.38139525661245
656.2647095230059	-118.91507140453905
658.5371094258735	-120.29870025301352
660.806152395031	-121.68013945920393
663.166809133254	-123.11698333034292
665.1541748557938	-124.32612029602751
667.3384399927454	-125.65547362854704
669.6362915543723	-127.05501738609746
671.6925659694243	-128.30702392058447
673.6042480974575	-129.4704150329344
675.6947632347001	-130.74263182794675
677.9921875512227	-132.14064208464697
679.9071045423043	-133.3057726980187
681.6419067889219	-134.36111632734537
684.0643921405426	-135.83642760803923
686.1687622578465	-137.11847106460482
687.9385986832785	-138.1968402029015
689.8846436057356	-139.38142577186227
691.9985352070071	-140.69360534101725
694.2546997583704	-142.0963610764593
695.9581909695407	-143.151552118361
697.7515869640047	-144.32026854576543
699.8479614754906	-145.7548998966813
701.5696411636891	-146.92930785473436
703.3202515156008	-148.12275878340006
705.1875000511063	-149.39700500061736
706.9200439956039	-150.57853881409392
708.8966064960696	-151.9264849787578
711.2902222193079	-153.54722777474672
713.1829224134563	-154.79631224879995
714.9252930196235	-155.94796935236081
716.8813477079384	-157.24009887035936
719.6093750511063	-159.03968993760645
721.3339233914157	-160.1399859553203
724.1610718279844	-161.94554320536554
726.4632568866946	-163.41653625061736
728.5438843283337	-164.74609557492658
730.7335205587442	-166.14511290797964
732.4876099133398	-167.2700060987845
734.5932007352822	-168.52643004991114
737.6524048355059	-170.3308581453748
739.5692749536829	-171.4630602975376
741.4730835462105	-172.58740416867658
743.7871704612626	-173.9539965754375
745.775329641765	-175.12791625084355
748.3173218285083	-176.62878600601107
750.1448364762473	-177.70778075279668
753.0662842302117	-179.43246642500162
755.1259766143048	-180.64837829070166
756.8993530784501	-181.69510070141405
759.3496094264556	-183.14122191956267
761.8164063013392	-184.5977038522251
764.0327148947399	-185.90678588487208
766.445678760705	-187.33180419309065
768.5173950698227	-188.5545825138688
770.2884521986125	-189.59977904707193
772.1849976099329	-190.71914855437353
774.3926392098656	-192.02241698699072
776.769043020322	-193.42546263942495
780.0897827662993	-195.3864916935563
783.4242554206867	-197.35667602019385
786.1926880380488	-198.99209777079523
788.268859914504	-200.2188586355187
790.1636963406345	-201.33873168053105
792.4682617699145	-202.70048705441877
794.267883350607	-203.76370421936736
796.0479736837442	-204.81488219555467
798.169860890659	-206.06788817420602
800.6201172391884	-207.5150317340158
802.3309937032172	-209.23849669611081
805.2189941917313	-210.25850097136572
807.0610352066578	-211.3698443537578
808.681274464936	-212.8041857862845
811.3576050301781	-213.99922362994403
812.8760986832203	-215.49131957208738
815.3959351092344	-216.55537596950307
817.6393433125922	-218.12162963626906
819.4310303250677	-219.37127868039533
821.875976614072	-221.07663146452978
823.9562378443079	-222.5922106867656
826.1915894068079	-224.3855761634186
828.3638916513883	-226.11694518337026
830.2694092303282	-227.63461486110464
831.5169678234961	-229.6831835852936
833.5785522967344	-230.2668933053501
835.1023560075555	-231.56765929237008
836.7804565945407	-233.0111712566577
838.837707569648	-234.7762316823937
841.0484009296051	-236.67032042704523
842.7050171395531	-238.10954466927797
844.2999878433184	-239.51934996945783
845.6283569848747	-241.22361937956885
847.8284302261891	-242.6348132258281
849.6305542488117	-244.2475604196079
851.1508789568325	-245.60875121783465
852.8997803246602	-247.17363158566877
854.4194946786156	-248.54438964184374
856.1925049327547	-250.15709106018767
857.8945923352148	-251.70485106948763
859.4755859882571	-253.14198485855013
861.2965698741609	-254.79663268569857
862.8829956572736	-256.23825255967677
865.2544556180947	-258.39380065444857
866.8094482918968	-259.80783263780177
868.4427490733797	-261.29202452814206
870.4224243673962	-263.0917986985296
871.9346924327547	-264.4673480167985
873.9121704607969	-266.2650775080547
876.1635742690414	-268.3108538738452
878.024780323205	-270.0020159869455
879.5335083514219	-271.3732012868859
881.2531738782418	-272.9364031921141
883.2611694849329	-274.7610491877422
884.8933105985634	-276.2436541724019
886.6105347178527	-277.80432311072946
888.602539112675	-279.61569396266714
890.6661987805855	-281.4916400099173
892.2339478041977	-282.9162310748361
894.2152710474329	-284.7175921560265
896.3247070821817	-286.63492003502324
898.0226440936094	-288.1782549987547
899.3753052258398	-289.9645403986797
901.3828125497093	-291.2316607609391
903.1852417489863	-292.8690508957952
904.8309937037993	-294.36398497829214
906.6197510269121	-295.98925963928923
908.2844238785328	-297.5025347843766
910.011962941906	-299.0736102219671
911.673034718202	-300.5845965500921
913.2564087421633	-302.0260028010234
914.8895264184102	-303.5135821495205
916.4238892117282	-304.9123553391546
918.0698242687504	-306.41208068467677
919.9274292495102	-308.1027239896357
921.6859741717926	-309.7033099299297
923.2476807140047	-311.12561217462644
925.1976318862289	-312.8994464064017
926.8536987819243	-314.73813048843294
928.4588013208704	-316.4964312678203
929.776794484118	-318.16772643337026
931.3004761259072	-320.30121031822637
932.4566650894703	-322.7732257065363
933.0635986832203	-325.7047442579642
933.4559326670133	-328.59256163984537
933.2196655771695	-330.8979510436766
932.9661255399697	-332.9180316091515
932.5814819849329	-335.2753924508579
931.7063599150861	-337.7145709153265
930.8267822763883	-339.84076110087335
929.428283742629	-341.9217547522858
927.811828663107	-343.88607970718294
926.2883911642712	-345.7661761404015
924.7229614773532	-347.69619933562353
923.0919800310512	-349.70691100507975
921.6925049330457	-351.433381954208
919.8921509293141	-353.61996642453596
918.5551758317742	-355.2377642765641
916.9902344250586	-357.1224688636139
915.3899536636891	-358.9717730656266
913.9949341323227	-360.5879534878768
912.9750977074727	-362.5795001145452
911.2329102071235	-363.7861041226424
909.6105957543477	-365.66421691328287
908.3477783720009	-367.59329406172037
906.6560669459868	-369.08419982204214
905.2528687038575	-370.708436882589
904.0390015152516	-372.6106585646048
902.2405396013637	-374.1945513864048
900.4591675314587	-376.25607482530177
898.4145508316578	-378.6218890333548
896.6566772974911	-380.65649596462026
895.1192627459532	-382.43533507874236
893.7085571801872	-384.067079462111
892.7171631364617	-385.93261901289225
890.7212524921633	-387.52609435422346
889.2075806166977	-389.278016960714
887.89270024508	-390.79919616132975
886.2493286628742	-392.700868526008
885.0437622589525	-395.06247130641714
883.5841064967681	-396.52414122922346
881.5056763204047	-398.2561968965456
879.3890381365782	-400.7506732130423
878.0149536629906	-402.37018004758283
876.3783569842344	-404.2987383985892
874.8516235857969	-406.0972918639891
873.2528076670133	-407.98166076280177
871.7388916531927	-409.7660235562362
870.1464233904844	-411.64059630641714
869.3317871592008	-413.7392901577987
867.7697144072736	-415.33822814328596
865.5851440927945	-417.00592223741114
863.8817749541486	-419.01086608087644
862.5691528826719	-420.55636779312044
861.1500244645285	-422.2273272634484
859.514282277436	-424.15271178772673
857.6962280789157	-426.2925738492049
856.1616821795469	-428.0992449899204
854.8442993664648	-429.650575555861
853.3533325695316	-431.4090289250016
852.0637207538239	-433.52594176866114
850.1370850121602	-435.20797911752015
848.2898560084286	-437.38827697280794
846.5070190927945	-439.4914569016546
844.7273560073227	-441.59073058282956
842.8452759303618	-443.8107318049297
840.7847900894121	-446.24057189328596
838.8796997580212	-448.4870318551548
837.2208252466517	-450.4431170588359
835.7775879403343	-452.14520446024835
833.924499561952	-454.3320635939017
832.7533569848747	-456.39731017453596
830.9102173355641	-457.8899554410018
828.9284668482142	-460.22656432399526
826.854248098447	-462.67154113110155
825.3059082534164	-464.49774352414533
823.5410767101566	-466.5786151099019
822.2167969266884	-468.14004699280486
820.2001343271695	-470.51764098275453
818.7398071796633	-472.23962584976107
816.7335815946572	-474.6054705749266
814.8532104995102	-476.82254210906103
812.9256592310267	-479.0941180358641
811.5300903831376	-480.7507037296891
810.0499878425617	-482.6563128614798
808.9782715353067	-485.0386675992049
807.1278687022859	-486.2918414226733
805.337158254406	-488.3330706721172
803.7394409683766	-490.1585711631924
802.0028687025188	-492.13745299819857
800.4276733900188	-494.0059222364798
798.7185059110634	-496.0484332232736
797.0495605969336	-498.0423907423392
795.2503662620438	-500.1908892756328
794.069580129697	-502.2124652042985
792.2059937029844	-503.8268756023608
790.5470581558766	-505.80768004618585
789.1241455595009	-507.50662414124236
787.8179321788484	-509.0663775582798
786.2456665544887	-510.945161735639
784.8571777851321	-512.6025408892892
783.2998047374422	-514.4625262394547
782.0740356942988	-516.5132464538328
780.023254446045	-518.3748187189922
778.1131592311431	-520.6555804382078
776.9039307143539	-522.861513053067
774.9001465355977	-524.4918231144547
773.1673584487289	-526.5620135418139
771.8438721221755	-528.1431292644702
770.0930176285328	-530.2354144230485
768.989318897482	-532.3552264343016
767.0767822782509	-533.8376483116299
765.7277832534164	-535.4489154000767
763.9182129411492	-537.6112078800797
762.3410645033582	-539.4964007493109
760.8081055202056	-541.3278826861642
759.768005421327	-543.2730731125921
758.0662231959868	-544.6045550443232
756.6785889187595	-546.2627581707202
755.214416555129	-548.0132464538328
753.8898315929109	-549.5966815142892
752.4790649932693	-551.2850360055454
751.1513672376168	-552.8743304363452
749.3939819853404	-554.9783343435265
747.720520071045	-556.9805926443078
746.046325734118	-558.9839495792985
744.5217896021204	-560.8084735036828
742.935730030993	-562.7033709669486
741.4737549344427	-564.5177630549297
740.4213867688086	-566.3468035832047
739.1602783720009	-568.3347186204046
738.2657471209532	-570.5656756530516
737.4295654809102	-572.6771258469671
736.6707764170715	-574.5759905967861
735.9189453632571	-576.5262469416484
735.2621460476657	-578.7047747741453
734.8613281758735	-580.7956561213359
734.7977905774023	-583.2978533888236
734.8463745615445	-585.6984271188267
735.1823120625922	-588.2417010427453
735.5933228042559	-590.587343133986
736.5752563975984	-592.9035662785172
737.2584839382907	-595.3231219425797
738.4029541517957	-597.3889178396203
739.3286133318907	-599.5907000689767
740.2242432158673	-601.4251116891392
741.2652588394121	-603.3542498741299
742.3838501493447	-605.2854022183456
743.643432668061	-607.171815794427
745.0626831561094	-608.8817156944424
746.5927734879078	-610.3869647183456
748.3134155781008	-611.8450945978984
750.0916748543968	-613.2723406930454
752.0538940941915	-614.7843646206893
754.0125122587197	-616.2632464533672
755.7592773949727	-617.5810565138236
757.4805298367282	-618.8792742853984
759.5630493670469	-620.4502581725828
761.5037231951137	-621.9140643263236
763.10620122205	-623.1228655935265
765.2100830575218	-624.7189959646203
766.7973633324727	-625.936403196305
768.8892822762136	-627.5396136431955
770.5525513206376	-628.8138445983641
772.7592773934593	-630.5050067100674
774.6358643093845	-631.943544305861
776.3386230967008	-633.2488421546295
778.4036255392712	-634.8325823917985
780.9443970233551	-636.7814959678799
782.2019653837779	-638.3842181330547
784.2078247576137	-639.2857684246264
786.4700317892712	-641.0220965510234
788.6006470232969	-642.6576556358486
790.8994751478313	-644.4224871755578
792.8445435080212	-645.9152850303799
794.95349126152	-647.5340594397858
796.7833862814587	-648.9382952838205
798.8426514172461	-650.5187396174297
801.0844116727822	-652.2389544611797
802.8619995628251	-653.6028460646048
804.790649464645	-655.0825823927298
806.5139771026443	-656.4043597327545
808.5942383309011	-657.9998187180609
810.4385986826965	-659.418153679464
812.069458058686	-660.6025408846326
813.8512573756743	-661.7923602205701
815.532714895322	-662.9199236989953
817.4940796399605	-664.1949481153861
820.1184082548134	-665.7569598336704
821.8632202649605	-666.7998065147549
823.946350148879	-668.0443133483641
825.6000366716762	-669.731874385383
827.4537354022032	-670.7482318063267
829.5463867693325	-671.4790667691268
831.8138428248349	-672.9202899103984
833.5484009288484	-674.1770648122765
835.4859009304782	-675.6802386427298
837.5878296414157	-677.3004168644547
839.3914185067406	-678.6904315114953
840.875122120895	-680.7590960632078
843.7885742695071	-682.0793475275859
845.4229126486462	-683.3386248718016
847.3118896995438	-684.7940692096017
849.3698730967008	-686.379335321486
851.3720703633735	-687.9219988971017
852.8920898952638	-689.8612078805454
854.9091187032172	-690.4434222341515
856.6453247579047	-691.5492571983486
858.8442383327056	-692.9243182321079
861.6286621607142	-694.2048358102329
863.5018921415904	-694.9554461631924
865.6834717293386	-695.7253436227329
867.9003296397859	-696.3532122736797
871.1939697772032	-697.0123309288174
873.5319824715843	-697.3063372741453
876.825195364072	-697.4859027052298
879.2470703637227	-697.3441790696234
881.7598267102148	-696.842653194908
884.2713623561431	-696.1582049522549
887.2290039560758	-695.2979754582047
889.844787647482	-694.347597037442
891.8267212423962	-693.5323504577391
893.7534790543141	-692.6026629558764
895.5831909677363	-691.6198138324544
898.1438599144458	-689.945253288839
900.4960938010481	-688.125673209317
902.1187744639465	-686.6533831730485
904.1737671401352	-684.4747943039984
906.0630493667559	-682.165468133986
907.4514771024697	-680.4751605149359
908.7359009300126	-678.911317741964
910.1313477077056	-677.2100848332047
911.7022095239954	-675.2944354191422
913.1773071790813	-673.4951190147549
914.7382813007571	-671.5898455772549
916.6136475119856	-669.299501335714
918.0455933127087	-667.5502947964706
920.1402588401106	-664.9892596378922
921.7910767106805	-662.9696673508734
923.9367065927945	-660.3438738971017
924.7411499534501	-658.026796260383
926.8325195829966	-656.7966937194578
929.0346680188086	-654.0976580767892
930.9016113786492	-651.8449114970863
933.0999756361125	-649.267763055861
933.8280640157172	-647.2618426452391
935.7921143079875	-646.1116961603984
937.9363403826137	-643.5969866891392
939.5723267102148	-641.6825579768047
941.0609131366946	-639.9461688161828
942.9663696803618	-637.7225970397703
944.3084106945898	-636.1531390305609
945.9417725120438	-634.2432269221172
947.3837280784501	-632.5577410827391
949.167785695754	-630.4727191105485
950.5726318861125	-628.8349627624266
952.469421437243	-626.626466665417
954.3619995625922	-624.4064959669486
955.3734131373931	-622.0404070992954
957.4526367691578	-620.7810687199235
958.6348267112626	-617.9589862036519
960.9806519050035	-616.6485003614798
963.3225098173134	-613.9051531921141
965.2394409694243	-611.6595477238297
967.5661621589679	-608.9328631553799
968.7917480982724	-606.1129778991453
971.3306885280181	-604.5220965482295
972.7966309103067	-602.8050555372611
974.3291016141884	-601.0101946974173
975.6542358912411	-599.4577044625767
977.8331909696572	-596.9034442100674
979.1862183130579	-595.3165301424451
981.1909180193907	-592.9687518249266
983.3439331555855	-590.370057977736
985.3098145035328	-587.9783953796141
986.5850830589188	-586.4276141282171
988.507385305129	-584.0910662775859
990.5571289557847	-581.5998553438112
991.9272461448563	-579.9370745811611
993.9132080575218	-577.5272235050797
995.2777710461523	-575.8671282883734
997.4095459487289	-573.2706317072734
998.7377319848165	-571.6536883506924
999.6511841317406	-569.2967547546141
1001.5357056172797	-568.2476214538328
1003.1043701688177	-566.3379534874111
1005.219421437243	-563.7602557293139
1007.0631714370102	-561.553407587111
1009.0781860848074	-559.1466082725674
1010.7471313981805	-557.1503924513236
1013.2679443862289	-554.1359271192923
1014.8276367704384	-552.2724627628922
1016.3453979990445	-550.4576434269547
1018.1359863786492	-548.316835321486
1020.3488159679691	-545.6710833651014
1022.0000610869611	-543.6972064105794
1023.4195557150524	-542.0003070007078
1025.1252441914985	-539.9614276094362
1027.2006836440996	-537.4797991886735
1028.842773489072	-535.5168475280516
1030.8808594252914	-533.0798358074389
1032.6297607932938	-530.9879779000767
1033.6967773941578	-528.6907366886735
1036.090210011229	-526.8472918635234
1037.9462891133735	-524.6257952824235
1039.3627930188086	-522.9296282883734
1041.087890676281	-520.8630999689922
1042.81933598849	-518.7888812189922
1044.420288136229	-516.8715228224173
1045.081665089121	-514.7680682325736
1047.5344238781836	-513.2546404972672
1049.2514648934593	-511.261903679464
1050.8708496593754	-509.3826617379673
1052.6127930193907	-507.3608416658826
1054.0611572772032	-505.68274108413607
1055.442260793061	-504.0857867375016
1057.6109619658673	-501.5738848815672
1058.9289551284164	-500.04037658078596
1060.2906494650524	-498.4671038775705
1061.9293213397032	-496.5710772657767
1063.5803223159746	-494.65905944257975
1065.0545654802117	-492.95187560562044
1067.0270996608306	-490.6688250671141
1068.221313526039	-488.7168597364798
1070.0913086443907	-487.11996642360464
1071.801147511229	-485.13763610320166
1073.590087942197	-483.06326476624236
1075.1663818866946	-481.23465148499236
1076.3059082529508	-479.38189879758283
1077.9907227065414	-477.95938293030486
1079.0185547383735	-476.0343951387331
1081.1333008323563	-474.4271563659422
1082.8170166526688	-472.97302428400144
1085.0794678231468	-471.5438555860892
1086.9371338402852	-470.76465026428923
1089.4895020043477	-469.6712359567173
1091.6000977070653	-469.0656756563112
1094.0595703641884	-468.7514056330547
1096.7521973167895	-468.5059222364798
1099.2120361827547	-468.74139587022364
1101.4907227061922	-469.3190020681359
1103.3004150887718	-470.19983092462644
1105.018554737093	-471.5985430870205
1106.6224365741364	-473.4975604158826
1108.6230469248258	-475.7049578772858
1110.5109863793477	-477.449891960714
1112.262817432871	-479.08401671843603
1114.272827199893	-480.95651427609846
1116.1806641136063	-482.73324767360464
1118.180542042246	-484.59820738853887
1119.6220703636645	-486.47506896359846
1121.6125488783	-487.7110308785923
1123.571167043876	-489.48309508664533
1125.6160889187013	-491.33145324140787
1127.128906300466	-492.6981829786673
1129.2899170428864	-494.64853087905794
1131.0411377452547	-496.22711364133283
1132.7397461435758	-497.7568377610296
1134.440551808686	-499.2872943067923
1136.0679932152852	-500.7502459650859
1137.9012451682938	-502.39630309306085
1139.9279785667313	-504.21423522522673
1141.5529785658	-505.6699237031862
1143.9079590342008	-507.7769793649204
1146.0220947764465	-509.66626159241423
1147.7083740741364	-511.1729449420236
1149.340576221468	-512.6300677438267
1151.3415527854813	-514.4149798494764
1152.8382568861707	-515.7493304372765
1154.9439697767957	-517.6264666696079
1157.0781250497093	-519.5274676443078
1158.6470947772032	-520.9245623745956
1160.7899170427117	-522.8317889347672
1161.8123779814923	-525.2976092491299
1164.6850586440996	-526.2973651075736
1167.411499074311	-528.720155633986
1169.5528564960696	-530.6223162775859
1172.1878662607633	-532.9960345420986
1174.2728271995438	-534.8878192114644
1176.490600637393	-536.9013690096326
1178.869018605561	-539.061708369758
1181.0344238794642	-541.0275286789984
1182.1555176289985	-542.8635882488452
1184.3963623554446	-544.0794695983641
1186.1804199729813	-545.6986712599173
1188.5958252463606	-547.8911761427298
1190.3428955575218	-549.4772357097827
1192.4925537625095	-551.4288348304108
1194.0848389179446	-552.8744525094517
1195.4486084500095	-554.9380511417985
1197.7412109877914	-556.1943377605639
1199.650878957007	-557.9277972369455
1201.9490967312595	-560.0137957679108
1203.897094777436	-561.7817401089706
1206.2796631357633	-563.9437274108641
1208.720214893343	-566.1580828791484
1209.7393799324054	-568.0899066077545
1211.9052734875586	-569.0474261413328
1212.9764404793968	-571.7120989914984
1215.6456299332203	-572.4396380549297
1218.2287598172552	-574.7810076856986
1221.1013184101903	-577.3844622727484
1223.9364014184102	-579.9558123736642
1226.5791016129078	-582.3525408869609
1229.1411133326474	-584.6739520216361
1230.6950684090261	-586.08148376178
1233.006591847865	-588.1747454786673
1235.782470754115	-590.6873187175952
1238.2878418475157	-592.9584368807264
1239.8918457533	-594.4139422527514
1242.2547607925953	-596.5611590519547
1243.304443410947	-598.9307269235142
1245.9904785668477	-599.8361834678799
1248.2547607925953	-601.7960223322734
1250.8713379417313	-604.0647601243109
1252.1215820827638	-605.9528826833703
1253.9864502471173	-606.7673358079046
1255.5754395038239	-608.1456317068078
1256.7031250500586	-609.8980120806955
1259.0906982925953	-611.1960467481986
1261.098022512393	-612.9407977228984
1263.413574270322	-614.95111266803
1265.3760986827547	-616.6547259469517
1267.6859131360543	-618.660097040236
1269.564331104746	-620.2911395202391
1272.0140381370438	-622.4179705758579
1273.6154785656836	-623.8082293653861
1275.9218750508735	-625.810731804464
1277.0074463408673	-628.0224017286673
1279.3718262235634	-628.8081683279015
1281.352539112093	-630.5284442100674
1282.8846436056774	-631.8592547499575
1284.9510498556774	-633.6542376633734
1286.5224609872093	-635.0189837608486
1288.5520020033	-636.7843646164984
1290.9591064954875	-638.9600237966515
1292.9097900898778	-640.730165399611
1294.0871582540567	-642.7470111022703
1297.3176270040567	-644.7268695016392
1298.9016113792313	-646.1580218467861
1301.6333008318907	-648.5894793672487
1303.3947754417895	-650.1577166686766
1305.478515674884	-652.013856805861
1307.0523682137718	-653.4157122708857
1308.628418020322	-654.8195819049142
1310.5991211446235	-656.5751971346326
1311.8404541523196	-658.7280291705392
1313.8649902855977	-659.4848040710203
1314.7592773942742	-661.8496111989953
1317.4233398942742	-662.6551531907171
1319.8912354017375	-664.8542498708703
1321.8919678231468	-666.6371478191577
1323.4353027855977	-668.0125140333548
1325.3991699722828	-669.7626971364953
1326.8935547383735	-671.0943011390045
1328.7868652840843	-672.781740102917
1330.395019581134	-674.2149676471017
1330.9963379407418	-676.1665667658672
1333.6474609886063	-677.1138934278861
1334.451416065218	-679.0761736975983
1336.617309621477	-679.7610491872765
1339.0817871594336	-681.9573992853984
1341.496215870371	-684.1107806335203
1343.4953613798134	-685.896181024611
1344.9693604016793	-687.9791278024204
1347.0035400887718	-689.0351580758579
1348.544799854746	-690.4188250675797
1350.4868164565996	-692.1617449889891
1352.3002930190996	-693.7892474313267
1354.7105713397032	-695.9548358102329
1357.0543213390047	-698.061708368361
1358.4530029792804	-700.5830706711859
1361.2553711449727	-701.8379534836859
1363.7568359879078	-704.0764788761735
1366.6589355980977	-706.672059932258
1369.5452881353558	-709.2570208692923
1370.5205078624422	-711.0112933292985
1373.060668996477	-712.2639788775705
1374.574218800757	-714.3326434283517
1376.775634815218	-715.4088763352484
1378.7120361826965	-717.0501727252267
1381.1418457537657	-719.1225604196079
1382.9631348162657	-720.6973284832202
1384.7318115733215	-722.2274188203737
1386.8480225114035	-724.0573748690076
1389.1334229020867	-726.0330828763545
1390.2297363793477	-728.2620257516392
1392.5645752468263	-728.9995745774359
1393.8289795426535	-730.6448992858641
1396.3560791517375	-732.277772821486
1398.9982910658582	-734.5622576852329
1400.9729004412657	-736.2697161817923
1403.2783203621511	-738.2706317109987
1405.23193364474	-740.007265007589
1406.3439941909164	-742.0028094444424
1408.2131348160328	-743.6444720383734
1410.487793020322	-744.6820086590014
1412.861694385996	-746.7930316091515
1414.7686768088024	-748.4892596374266
1417.3073730965843	-750.7473773122765
1419.4035645031254	-752.6118792654015
1421.0606689965352	-754.0861834664829
1423.1906738780672	-755.9830950880423
1425.4444580582203	-757.9965838594362
1427.272705129697	-759.6304949847981
1429.5107422389556	-761.6285418625921
1431.272827199893	-763.2036151061766
1433.5969238778926	-765.2829608088359
1435.0924072762718	-766.6206683292985
1437.685791065218	-768.9368304344825
1439.1999512223992	-770.2888812185265
1442.3605957533	-773.1110247750767
1444.7322998552117	-775.2310809297487
1446.5718994640047	-776.8756121778861
1448.9371338388883	-778.9920062213205
1451.7355957543477	-781.4960955786519
1453.3686523943907	-782.9576434260234
1454.2926025888883	-784.911806023214
1456.8811035670806	-786.0385760460049
1459.534179738257	-788.3023089552298
1462.1242676284164	-790.5144671597518
1464.6950684096664	-792.7108172560111
1466.9752197775524	-794.6932391310111
1469.3513184093172	-796.7644061241299
1470.8615723161492	-798.0800799494609
1472.9304199729813	-799.8817156935111
1475.1145020037657	-801.783143916633
1476.729858450126	-803.1892718421295
1478.8798828639556	-805.0621356144547
1481.4998779807938	-807.3454608074389
1483.9589844263392	-809.48822204303
1486.2792969256407	-811.509462276008
1488.3360596200218	-813.3002947946079
1490.4346924325218	-815.1275653010234
1492.809692432871	-817.1966570983641
1495.0350342302117	-819.1441058292985
1495.7459717298625	-821.0518817091361
1498.188598684268	-821.9497698908672
1499.5766602061922	-823.963807979133
1501.4405518088606	-824.8360613947734
1503.4818115733215	-826.6662005535327
1505.6041260281345	-828.6790179377422
1507.5451660673134	-830.5227679363452
1509.3081055193907	-832.1951922560111
1511.358642629406	-834.1401995802298
1513.223022512626	-835.907899771817
1515.1210938006989	-837.7068499680609
1517.467407278018	-839.9292010441422
1519.550781301572	-841.9033221360296
1521.7659912610543	-844.002870479133
1524.0760498549207	-846.1931780949235
1525.1246338403434	-848.2401751647703
1528.1398926292313	-850.0476702819578
1530.0897217312595	-851.8591326838359
1532.1163330585114	-853.739442741964
1533.2309570824727	-855.9904193049297
1535.3955078636063	-856.7831439170986
1536.289062550757	-858.6640643249266
1538.3204346214188	-859.4990252596326
1540.465210012626	-861.4915179363452
1542.2565918479813	-863.0550555358641
1544.4622803235543	-864.9567889347672
1546.3107910659746	-866.5535296578892
1548.4956055190996	-868.4417132502422
1549.7078857927117	-870.2680682302453
1552.6181641123258	-872.0111102252267
1554.7325439949054	-873.8448504577391
1557.007080129115	-875.8177508488297
1558.788818409259	-877.3474749685265
1561.1538086440996	-879.3598651052453
1563.0159912625095	-880.9461688171141
1565.278442433395	-882.8737200866453
1567.4560547377914	-884.7299212585203
1569.2971191914985	-886.3021868821234
1571.0588379422552	-887.7583026080392
1573.225463916664	-889.4493426447734
1574.805664112384	-890.6842669630423
1576.603759816091	-892.092225946486
1578.4503174327547	-893.5369891291484
1580.1472168469918	-894.8648699885234
1582.3414307140047	-896.5830706697889
1583.887817432871	-898.674684444908
1585.7646484885481	-900.1433734064922
1587.9619141125586	-900.9780291691422
1590.1677246594336	-902.7486590524204
1592.4565430184593	-904.600038446486
1594.5642090355395	-906.3051776033826
1596.1218262229231	-907.5656146192923
1597.5521240732633	-909.3016986036673
1599.603515674593	-910.3845843439922
1601.3592529803282	-911.8067034836859
1603.478271533968	-913.5235003624111
1605.349121145031	-915.0396136408672
1607.1911621608306	-916.5313128600828
1609.1861572776688	-918.1454486032017
1611.0413818870438	-919.6463641319424
1612.8526611827547	-921.1121234055609
1614.6617432137718	-922.6506976271048
1616.2470703619183	-924.2039202819578
1617.728881885414	-926.0747698945925
1618.7918701678282	-928.2518328819424
1619.3465576685267	-930.5562762403861
1620.0920410662657	-932.9472674494609
1620.0729980965261	-935.5284442077391
1619.4416504410328	-937.7825335655361
1618.1448975108797	-939.8081683330238
1616.3558350116946	-941.9170550489798
1614.5068359889556	-944.1536273155361
1613.0897217307938	-945.8645037757233
1611.7800293468172	-947.4453753586859
1610.3955078631989	-949.1162127633579
1608.957275442197	-950.8532733102329
1607.5329590349575	-952.6001605167985
1606.1656494648196	-954.3623675475828
1604.8177490743692	-956.0940569997765
1603.4826660661492	-957.8082293672487
1602.2536621592008	-959.3862322922796
1600.8776855963515	-961.1544207702391
1599.5522461445653	-962.8570574880578
1598.844726612093	-965.0610369811766
1596.2733154793386	-967.0687884455547
1594.7813721196726	-968.9863299485296
1592.97241215955	-971.3092059260234
1592.0701904803282	-973.7622698908672
1590.294433643343	-974.7447528019547
1588.6245117699727	-976.888063351158
1586.5988770045806	-979.4878558274359
1584.8481445814832	-981.7335833660327
1582.6834717304446	-984.509462273214
1580.4798584481468	-987.3349627624266
1578.4625244655763	-989.9213885436766
1576.1215820813086	-992.9211444025859
1574.1737061059102	-995.4155902047642
1572.8310547377914	-997.1342791696079
1570.360107472632	-1000.295839226339
1568.2525635279017	-1002.991151727736
1566.6418457529508	-1005.0505389343016
1564.7521973155672	-1007.4678973327391
1562.330688526854	-1010.5664691063575
1561.4029541523196	-1013.7828997764736
1559.0317383320653	-1014.7915057288483
1556.6665039568907	-1017.8222064129077
1555.850952199893	-1020.210634148214
1553.5026855975739	-1021.8770770216361
1551.695190479746	-1024.194581901189
1550.4545898950892	-1025.7868670597672
1548.2039795418386	-1028.6787127624266
1546.2591553239617	-1031.1787127610296
1544.997436574311	-1032.801393429283
1543.237670950184	-1035.0463885385543
1541.9895020046388	-1036.611940302886
1540.324340871186	-1038.695924675092
1538.3806152840843	-1041.1308612003922
1536.2861328636063	-1043.7106951861642
1534.5920410661492	-1045.6308612036519
1532.3216553235543	-1048.1818865891546
1530.4454346213024	-1050.2891863984987
1528.1437988778926	-1052.868287957739
1526.5457764177117	-1054.6621112017892
1524.6110840340261	-1056.8370379572734
1523.6054688013974	-1059.3199481135234
1521.6885986825218	-1060.0607928391546
1519.5684814957203	-1062.3891619802453
1517.823852589936	-1064.3051776052453
1515.9096680186922	-1066.4066180363297
1514.2032471210696	-1068.279542838689
1512.5461426279508	-1070.0985125652514
1510.686523489072	-1072.139528192114
1508.8081055191578	-1074.2010516314767
1507.004394581425	-1076.1794451861642
1504.902343801572	-1078.4849871802144
1503.2492676292313	-1080.2982195974328
1501.3166504417313	-1082.418336785864
1498.992431692197	-1084.967775263358
1498.1667480969336	-1086.9691180321388
1495.916992239072	-1088.3432635464706
1494.253662160132	-1090.321535027586
1493.1147461438086	-1092.874391474761
1490.997680715518	-1094.3255633478984
1489.368286183395	-1096.3254412780516
1487.5450439965352	-1098.562990102917
1485.5841064967099	-1100.969850456342
1484.0922852060758	-1102.8005389356986
1482.820190479746	-1104.3619403005578
1481.1457520031254	-1106.415773308836
1480.5156250505242	-1108.4595965510234
1478.280151418352	-1109.9292010464706
1476.8498535664985	-1111.6842059255578
1475.150390675757	-1113.773195183836
1473.7994385278434	-1115.4119891319424
1472.8671875513974	-1117.4375018263236
1471.042968801572	-1118.7253436204046
1469.669677784259	-1120.3771990924142
1468.6846924334532	-1122.1955584641546
1466.420898487675	-1124.2847918663174
1465.100585987675	-1125.8732928438112
1463.8034668465843	-1127.4350604191422
1462.4832764175953	-1129.025270378217
1461.0697021978558	-1130.7272967495956
1459.7687988786492	-1132.2978533902206
