1472.7141113797552	-1080.9770526089706
1471.3383789574145	-1082.6672381558456
1470.1251221202547	-1084.310304558836
1468.826416065218	-1086.0527362027206
1467.4127197767957	-1087.9001483097672
1466.100585988257	-1089.5051287799142
1464.7839355975739	-1091.113893427886
1463.2531738785328	-1092.982911979314
1461.7000732925953	-1094.9239520211704
1460.2199707535328	-1096.7950457711704
1458.878784231434	-1098.558473504614
1457.4290771991946	-1100.4813250675797
1456.0480957542313	-1102.312990107108
1454.7781982927117	-1103.997194210533
1453.4206543479813	-1105.7991961603984
1451.9045410662075	-1107.81128112413
1450.6722412618692	-1109.445070185233
1449.1811523934593	-1111.4228533860296
1447.8625488788239	-1113.1721209632233
1446.6372070824727	-1114.7988299475983
1445.1634521982633	-1116.7559832711704
1443.9503174343263	-1118.3664569044486
1442.5758057140047	-1120.1904315128922
1440.6038818868692	-1122.808961785864
1439.1746826670133	-1124.707521358505
1437.691040089354	-1126.6751727224328
1436.2839355985052	-1128.5418719416484
1434.9960937994765	-1130.2508563189767
1433.3343506372767	-1132.4561785850674
1431.579467824893	-1134.7847918635234
1429.8112793486216	-1137.1309832707047
1428.458252004115	-1138.9263934283517
1426.5430908708367	-1141.4676531944424
1424.6634521986707	-1143.9622820974328
1423.3261719248258	-1145.7371844430454
1421.520263723447	-1148.1344012413174
1420.217651416955	-1149.863283075858
1418.5300293475157	-1152.1030291700736
1417.243042043643	-1153.8115252628922
1415.68139653455	-1155.8846453791484
1414.0272217293968	-1158.0803240924142
1412.3153076671879	-1160.352296747733
1410.6407471218845	-1162.5748309260234
1409.362426809268	-1164.271852410864
1408.1575928244856	-1165.8712176457047
1406.761596730561	-1167.724000846967
1404.7049561052117	-1170.4542254586704
1403.9908447776106	-1172.6425799499266
1401.7286377451383	-1174.4027117849328
1400.81713872205	-1176.3302020211704
1398.5317383324727	-1178.6451434241608
1397.3197021991946	-1180.2536639333703
1395.742919971468	-1182.3458270211704
1394.3231201673043	-1184.2297381549142
1393.142456106376	-1186.8669451847672
1390.886840871477	-1188.790651240386
1388.9926758327056	-1191.3046893249266
1387.5783691905672	-1193.1784686231986
1385.82141118258	-1195.4953631521203
1384.4587402849575	-1197.290773308836
1382.5711670420133	-1199.7869891300797
1380.9127197772032	-1201.9799822936766
1379.6912842309102	-1203.5958270207047
1378.057373097632	-1205.7579363947734
1376.3500977067742	-1208.018556513358
1375.324096731376	-1210.1130389343016
1373.7409668469336	-1211.469240107108
1372.2161865730304	-1213.56518737413
1370.605346730852	-1215.7949236971326
1369.1331787604722	-1217.832521358505
1367.874389700184	-1219.5722674462013
1366.296630910365	-1221.7523211603984
1364.7308350117528	-1223.9160174531862
1363.79589848849	-1226.062868038658
1361.701660206425	-1227.9212664742954
1360.1166992682265	-1230.018434442114
1358.3891602066578	-1232.3006610041484
1357.0672607932938	-1234.046144403983
1355.3576660659164	-1236.300661004614
1354.134521535132	-1237.9149188180454
1352.8813477079384	-1239.567628774792
1351.4385986837442	-1241.467775261961
1349.5495605975157	-1243.9550799489953
1348.0955811053282	-1245.868165886961
1346.7528076677117	-1247.6353778010234
1344.843627981376	-1250.1492938194424
1342.8559570827638	-1252.7667254582047
1341.4879150901688	-1254.5690936204046
1339.8227539574145	-1256.7625750675797
1338.4829102069489	-1258.5277117821388
1336.8442383318907	-1260.6865252638236
1334.9919434096664	-1263.1268328786828
1333.7480469254078	-1264.765870966483
1332.4600830574054	-1266.461793815717
1330.714111378591	-1268.7583026052453
1329.394897511229	-1270.493410024792
1327.6683350125095	-1272.7646502661519
1326.0179443869856	-1274.93579284288
1324.7003174339188	-1276.669557487592
1323.5716553236125	-1278.9287127614953
1321.6446533709532	-1280.6881121736951
1320.2879639179446	-1282.4707049513236
1318.946655323729	-1284.231447135564
1317.51867680758	-1286.106080925092
1316.2364502451965	-1287.7882098332047
1315.1021729031345	-1290.1076678424142
1313.841918996186	-1291.780519401189
1311.7279053247767	-1293.6965350280516
1310.7854004410328	-1295.5888690110296
1308.8266602065414	-1297.4998797522858
1307.319091847341	-1299.4742449885234
1305.598754934501	-1301.72680846788
1303.9945068854722	-1303.8258074880578
1302.2944336454384	-1306.048585807439
1300.4743652838515	-1308.4271258502267
1299.7185059105977	-1310.3543719416484
1297.462524465227	-1312.363649287261
1295.9262695813668	-1314.3718279944733
1295.1845703641302	-1316.5817889347672
1292.8935547376168	-1318.3371600285172
1292.0090332530672	-1320.398073115386
1289.7913818864617	-1322.3942889343016
1288.2319336436922	-1324.434694210533
1286.868530324893	-1326.2189959641546
1285.1671143076965	-1328.4438494802453
1283.8521729023196	-1330.1639422550797
1281.9379883311922	-1332.6678485041484
1280.642700247001	-1334.385988151189
1279.420043995371	-1336.0905779968016
1278.0103760272032	-1338.0521258488297
1276.399780323729	-1340.2792987013236
1274.9772949730977	-1342.1511248731986
1273.269531301281	-1344.4040545583703
1271.943725637393	-1346.1538104186766
1270.747436573205	-1348.7990740868263
1269.3901367704384	-1350.4466570988297
1267.5303955574054	-1351.968507683836
1266.4875488776597	-1354.163087761961
1264.1337891125586	-1356.434450067114
1262.141845753882	-1359.049806514755
1260.4132080585696	-1361.3201922541484
1258.2075195824727	-1364.2174090510234
1256.8598633327638	-1365.9879168630578
1255.6292725112871	-1367.604494013358
1253.7564697779017	-1370.0634783860296
1252.443725635996	-1371.7856463580392
1250.641967824893	-1374.1489276080392
1249.2399902854813	-1375.9873065114953
1247.69604497205	-1378.011964713689
1246.3540039574145	-1379.7725848318078
1245.770874073496	-1381.9079608093016
1243.9677734888392	-1382.9040545634925
1241.818847705843	-1385.7227801457047
1239.9820557155763	-1388.1329363971017
1238.5134277855977	-1390.0598162780516
1237.1228027847828	-1391.884645379614
1235.440795948205	-1394.0920428363606
1234.054565479979	-1395.911134638358
1232.6453857923043	-1397.7612322927453
1230.9420166517375	-1399.9971942058764
1229.6031494652852	-1401.7559832707047
1228.5729980965843	-1404.2845477238297
1226.473632863257	-1405.8619403038174
1224.9976807151106	-1407.797365105711
1223.740844777145	-1409.4431170583703
1222.2924805188086	-1411.3409442096017
1221.1177979019703	-1414.1186541658826
1219.6307373557938	-1415.7547625675797
1217.9627686046297	-1417.012941278983
1216.7017822776106	-1418.6630877624266
1215.2004395028343	-1420.6284197950736
1213.9011230973992	-1422.3295916663483
1212.603271535132	-1424.0393084641546
1211.8468018079293	-1426.0120867867954
1209.9010010283673	-1427.640504754614
1208.512451223447	-1429.4904803396203
1207.121093799593	-1431.3437518239953
1205.9000244649942	-1432.9687518239953
1204.4226074732142	-1434.934938348364
1203.0091553230304	-1436.814454952255
1202.1470947761554	-1438.8975848318078
1199.8662109891884	-1440.9890154940076
1198.519653371768	-1442.7775897141546
1196.717773489072	-1445.1712664742954
1194.606689503882	-1447.9760760436766
1193.2158203625586	-1449.823854365386
1191.1995850120438	-1452.5126971378922
1189.2292480978067	-1455.1469744811766
1187.3081055186922	-1457.7106951829046
1185.421264699893	-1460.2304705739953
1183.898193410947	-1462.268068229314
1182.4523926292313	-1464.203370965086
1181.1402588400524	-1465.9577654981986
1179.15966801974	-1468.604982293211
1177.6457520032418	-1470.6297625652514
1175.9191895037657	-1472.9393328805454
1174.261962941615	-1475.1560076861642
1172.606933643925	-1477.369630732108
1171.143798879697	-1479.3269061250612
1169.4932861832203	-1481.534669794608
1168.2601318862871	-1483.1846942054108
1167.0439453628496	-1484.8116473322734
1165.6669922374422	-1486.6546649103984
1164.0096436056774	-1488.873048700858
1162.4251709491946	-1490.993287956342
1160.677734424884	-1493.331911004614
1159.2465820827638	-1495.247072136961
1157.5781250517466	-1497.480104363989
1156.5080566904508	-1499.7948016277514
1154.2861328639556	-1501.8868426447734
1152.650634816382	-1504.0764178391546
1152.0109863780672	-1506.282594596967
1150.2219238796388	-1507.3276385422796
1148.6500244651688	-1509.4328631544486
1148.0333252454293	-1511.425050651189
1146.260131885996	-1512.6330584669486
1144.796997122001	-1514.591676628217
1143.3863525900524	-1516.4799822922796
1142.5528564966517	-1518.6778582693078
1140.170410207007	-1520.7871111999266
1138.8873291522032	-1522.5078143249266
1137.4365234886645	-1524.4494647160172
1136.5395508315996	-1526.3338641286828
1134.5278320822981	-1528.297365107108
1133.3043213395867	-1529.906373898033
1131.7524414564832	-1531.9464129586704
1130.2041016134317	-1533.9826678424142
1128.6467285673716	-1536.031251824461
1127.3636475117528	-1537.7220477242954
1125.7919922389556	-1539.6350115910172
1124.1674805193907	-1541.5915545583703
1122.8803711441578	-1543.1445330735296
1121.2380371594336	-1545.126344598364
1119.7885742684011	-1546.8759783892892
1118.1241455582203	-1548.8844012380578
1116.2340088397614	-1551.1662615905516
1114.7172852066578	-1552.998048700858
1112.8651123560267	-1555.2343768239953
1111.969604543876	-1557.3912371755578
1109.8389893088606	-1558.889406121336
1108.9199219253496	-1561.0842303368263
1106.9445801299298	-1562.385744010564
1104.803222707822	-1564.9735125680454
1103.0534668483888	-1567.087282096967
1101.3214111833367	-1569.180543817114
1099.2070313000586	-1571.7352313180454
1097.4291992691578	-1573.8826922504231
1095.6629639174207	-1576.0161151080392
1094.2841797379078	-1577.681520381011
1092.855224660947	-1579.408327020239
1090.8010254414403	-1581.889650261961
1088.82495122205	-1584.2772235036828
1087.3405762222828	-1586.071290889755
1086.0411377459532	-1587.6408709655516
1084.3043213405763	-1589.7376727228984
1082.7709961442742	-1591.588624872733
1081.1932373556774	-1593.4941424499266
1079.392456104746	-1595.6688250680454
1077.6343994642375	-1597.7908953768201
1076.262207081425	-1599.4473895207047
1075.255127004697	-1601.7277850271203
1073.516967824311	-1602.7601336617954
1072.094116262102	-1604.4779070965014
1070.7021484881989	-1606.1583270183764
1069.575683645322	-1608.1746844397858
1067.5015869640629	-1610.0920428442769
1066.2641602073563	-1611.674196162261
1064.840942434268	-1613.49145690538
1063.439453175757	-1615.2790545606986
1061.8280029798625	-1617.3358172555454
1060.581420949602	-1618.926881710533
1058.805297902436	-1621.194093622733
1057.0856934098992	-1623.3876971388236
1055.5356445823563	-1625.3646258488297
1053.9968262217008	-1627.3283709660172
1052.368896533968	-1629.409059443511
1051.1341553244274	-1630.9855975257233
1050.0582275898778	-1633.0184344402514
1048.1549072776106	-1634.7890643235296
1046.6459961446235	-1636.7150897174142
1045.913574270031	-1638.624025261961
1043.6696777851903	-1640.513429558836
1042.4323730969336	-1642.0921649113297
1041.0270996594336	-1643.8857440138236
1039.7031250502914	-1645.575441277586
1038.2764893077547	-1647.396730338689
1036.35461430758	-1649.8538836645894
1034.799926809559	-1651.803102412261
1033.854858448496	-1653.5832537785172
1032.083740283968	-1655.2041033864953
1029.9055176280672	-1657.932130730711
1027.8619385269703	-1660.4914569044486
1026.5709229013883	-1662.1086444002576
1025.176879934501	-1663.8387469430454
1023.0373535667313	-1666.3806170611642
1021.4978027843754	-1668.2124041705392
1020.4119873547461	-1670.5965594430454
1018.2531128446572	-1672.0740985050797
1016.7551270038239	-1673.8570574899204
1015.9558716330794	-1675.7601336613297
1013.5284424332203	-1677.6977557297796
1011.6240845227148	-1679.964479363989
1010.0335693858797	-1681.857057491783
1008.4606323741609	-1683.7287615924142
1007.3494263209286	-1685.6632098322734
1005.1624146004906	-1687.6538104186766
1003.1570435075555	-1690.029909051489
1001.2064819850493	-1692.3323992863297
999.0553589379415	-1694.8808612013236
997.4525757336523	-1696.7799090496264
996.0932617704384	-1698.390138541814
994.7703247574391	-1699.9586199885234
992.9115601085941	-1702.161500846967
991.2602539560758	-1704.121705925092
989.834472706425	-1705.6044940142892
987.9081421396695	-1707.4298113961704
985.9547119652852	-1709.2177752614953
984.3012085473165	-1710.3475360041484
982.0972290552454	-1711.7607440142892
979.7338257350493	-1713.2941912771203
977.2126465344336	-1714.7185076856986
974.9222412626259	-1715.9229754572734
972.6853638199391	-1717.0087908860296
970.128051808686	-1718.1586932316422
967.7445679222001	-1719.0689715505578
964.9904785663821	-1719.806398307439
962.5545044459868	-1720.2487811231986
960.0980835475493	-1720.571412957739
957.6359863788821	-1720.7972430363297
954.8643799338024	-1720.866823116783
952.4116821795469	-1720.7937029954046
950.3804321794887	-1720.6311053424142
948.1077271004324	-1720.354127800092
945.6566772963852	-1719.926881709136
942.8798218282172	-1719.304567254614
940.5639648947399	-1718.6688250689767
938.0504150898196	-1717.867311396636
936.1610718274605	-1717.1805438166484
933.9713135269703	-1716.336427607108
931.5454712415813	-1715.1268328842707
929.2284546407172	-1713.5753192068078
927.8166504419642	-1712.0472430381924
925.6376953630242	-1710.9378680349328
923.5837402852485	-1709.3911151075736
921.642028859118	-1707.8146990910172
919.8460693868692	-1706.313844598364
917.6411133309011	-1704.4085711613297
915.7874146021204	-1702.7675799503922
913.964721729455	-1701.156251827255
912.0360107932356	-1699.3804949885234
910.2788696803618	-1697.7663592440076
908.4676514174207	-1696.0257586590014
907.4007568860543	-1694.2774676475674
905.6903687035665	-1693.226198115386
903.8339233899023	-1691.356935418211
902.0451050311094	-1689.5554217458703
900.2694702649023	-1687.7672137385234
898.5092163600493	-1685.9996356130578
896.5313110850984	-1684.044923702255
894.8940430199145	-1682.4333514356986
893.1833496600739	-1680.745485223364
891.385070852004	-1679.0690936208703
889.7932129420806	-1677.5858172550797
888.4859619655181	-1675.973512567114
886.701232959982	-1674.7026385450736
885.4406128436676	-1673.1450213566422
883.7710571786738	-1671.9693621774204
881.8255005392712	-1670.1542987031862
879.83764653455	-1668.2976092468016
877.9159546404844	-1666.501954952255
876.2492676279508	-1664.9428729191422
874.0917969259317	-1662.924928582739
872.6378784683766	-1660.8502215519547
870.4420166512136	-1659.4997576829046
868.8841553244856	-1658.0173358097672
866.8123779810267	-1656.0477313175797
864.7927856942406	-1654.1273211613297
863.2811279806192	-1652.6925067072734
861.370422413107	-1650.845704950858
859.346618702868	-1648.889039912261
857.4033203641884	-1647.0108660822734
855.9592896014801	-1645.6080340524204
854.1013184097246	-1643.780275260564
852.102172902436	-1641.8142108079046
850.9053345234715	-1640.153688351158
849.0785522962688	-1638.841188348364
847.1718140150188	-1636.966554560233
845.4127808116609	-1635.241334834136
843.8463745631161	-1633.5825213566422
842.2970581558766	-1631.9412860036828
840.8159790536738	-1630.372316278983
839.1646118666977	-1628.6319598336704
837.7395020039403	-1627.147340692114
835.9172363795806	-1625.262208857108
834.4937744645867	-1623.8200701856986
832.3709717293968	-1621.6674822955392
830.7830200692988	-1620.0555438189767
829.0895386239281	-1618.3359393249266
827.2532349129906	-1616.4691180363297
825.7392578640138	-1614.9294451856986
824.510620168061	-1612.8363055353984
822.5486450713361	-1611.6832293644547
821.1140747570898	-1610.223756706342
819.1943970245775	-1608.2656268235296
817.3501587421633	-1606.3336199885234
815.4992676288821	-1604.3977069067769
813.7917480971082	-1602.6115740877576
811.8239746611798	-1600.5532244825736
810.415649464645	-1599.0747088566422
809.1896973161492	-1597.0318621783517
807.3283691924298	-1595.7498797550797
805.6951294445898	-1593.9885272146203
804.1720581571572	-1592.3198260422796
802.5887451684102	-1590.5882586599328
801.0144653829047	-1588.8652361989953
799.3105469261063	-1587.0002459632233
797.948913624452	-1585.507936393842
796.5657959487871	-1583.991456901189
794.7401123564923	-1581.988038935233
792.8647461434593	-1579.931398310233
791.3643188984133	-1578.284791865386
789.345825246186	-1576.0679949885234
787.3859253445407	-1573.9136981121264
785.9749756370438	-1572.3366717481986
784.8677979019703	-1570.2576922518201
783.0673828633735	-1569.0897235078737
781.7175903831376	-1567.5831317072734
780.3058472194243	-1566.007203971967
778.9438477060758	-1564.4848651047796
777.0579834496602	-1562.3320330739953
775.2833252457203	-1560.2598895179108
773.9619751488208	-1558.718873895239
772.0852661633398	-1556.528688349761
770.5952148954966	-1554.788087764755
769.0939331555273	-1553.033327021636
767.9396362818079	-1550.7657488971017
765.9916382345837	-1549.4077166677453
764.4923706561094	-1547.656984247733
763.2525024914648	-1545.4205340561457
761.3817749536829	-1543.9671649127267
760.0005493666395	-1542.323976433836
758.6472778823227	-1540.7141131530516
757.2940063980641	-1539.103761590086
755.4892578631989	-1536.956666863989
754.1267700698809	-1535.3341082707047
752.1491699715843	-1532.9779070978984
750.7097778836032	-1531.2458514361642
749.6040649921633	-1528.9542254568078
747.7928467310267	-1527.6671160864644
746.4942627468845	-1526.0747088538483
744.6194458518876	-1523.775758659467
743.2712402853067	-1522.120485227555
741.7726440942497	-1520.280275261961
739.6380615733215	-1517.657106317114
738.3443604031345	-1516.0660418630578
736.6788330587442	-1513.995607294608
735.3294678245438	-1512.291139518842
733.8167725116946	-1510.3823260455392
731.7608643092681	-1507.7897967468016
730.2604980975157	-1505.8989276047796
728.329834035947	-1503.4666766291484
726.8986206557602	-1501.6643084660172
724.9759522000095	-1499.243165888358
723.5415649922797	-1497.4360369811766
721.7169189966517	-1495.137330926489
719.8240967303864	-1492.7534197969362
717.8987427265383	-1490.3280047555454
716.4485474131652	-1488.5008563180454
714.7377930190414	-1486.2122821002267
713.0025024928618	-1483.8928240891546
711.6593018095009	-1482.0980242863297
709.7633057140629	-1479.5618914728984
708.6705933127087	-1477.0146502614953
706.7643433121848	-1475.538209834136
705.4745483904262	-1473.5626238933764
704.3940430190414	-1471.0227069016546
702.7227173364954	-1469.317018427886
701.2276001486462	-1467.0065936236642
699.8602905782172	-1464.9549578791484
698.5545654803282	-1463.0017108065076
697.3457031751168	-1461.1967791686766
695.9099731952883	-1459.1394061218016
694.6339111834532	-1457.3077410836704
693.0219727079384	-1455.0582293630578
691.4082642100984	-1452.839479362592
689.783935596759	-1450.6048602238297
688.0585938007571	-1448.2293719430454
686.7748413599329	-1446.4613055377267
685.5202637215843	-1444.731935421005
684.8696899922215	-1442.7103289728984
682.8247070827056	-1441.013307487592
681.3845825698227	-1439.0245379600674
679.7844849135727	-1436.8138445988297
678.4953003434348	-1435.031373893842
676.8153687031008	-1432.7059344411828
675.3843384295469	-1430.7254656916484
673.7910156747093	-1428.522584834136
673.060363819648	-1426.333009639755
671.6943359886063	-1424.6055926475674
669.6673584484961	-1422.7603778005578
668.1905518095009	-1420.683107293211
666.8192139178864	-1418.7056903038174
665.6851196794887	-1417.0562762399204
665.0680542507325	-1415.0592059297487
662.9435425308766	-1413.066408077255
661.4469605000922	-1410.848146357108
660.1113281758735	-1408.8737811208703
658.5188599134563	-1406.327760613989
657.1473999540322	-1403.9763201856986
656.0644531758735	-1402.164064325858
654.7440796399023	-1400.083986198064
653.1792603054782	-1397.610475460533
651.6522217304446	-1395.1960467472672
650.078796437243	-1392.7063006535172
648.9359741719672	-1390.8972186204046
647.1077881365782	-1388.0011004549451
645.9525146991946	-1386.169923699461
644.4219971200218	-1383.7426776052453
643.0543823739863	-1381.572633662261
641.7367554211523	-1379.4812029986642
640.2090454604477	-1377.05444518663
638.8097534689587	-1374.8302020197734
638.1482544456958	-1372.1497821002267
635.6050415546051	-1369.7314471360296
634.6479492690414	-1367.162355341483
632.1493530782172	-1364.2277850299142
630.6909180194489	-1361.9057635422796
629.1047363785328	-1359.380617058836
627.6787109875586	-1357.1099871746264
626.1265259293141	-1354.638551631011
624.6918335459777	-1352.322755732108
623.1029663595837	-1349.6474627624266
621.8312378443661	-1347.507692254614
621.3162231959868	-1345.3197039752267
619.830749563349	-1342.758302604314
617.745056203974	-1340.640870965086
616.3770142111462	-1338.3426531953737
615.155578664504	-1336.288698113989
613.8050537615782	-1334.017946160864
612.5764771023532	-1331.952760613989
611.7221069847001	-1329.332643426489
610.1782837419887	-1327.920289913658
609.6624756373931	-1325.915407098364
607.6164551300462	-1323.6119403005578
606.3936157731805	-1321.5549334674142
604.9738770038821	-1319.1654070992954
604.2269897976657	-1317.0008563166484
602.7822876481805	-1315.4732684274204
601.5187378443079	-1313.3447283902206
600.0938110864954	-1310.9440936222672
598.5894165543723	-1308.4096697950736
597.3730469256407	-1306.3592547550797
596.5194702646695	-1303.746583852917
594.6249390157755	-1301.4703387413174
593.5014648946235	-1299.3604754582047
592.2988892100984	-1297.1077899127267
591.1748657742282	-1294.997560419608
590.4435425313422	-1292.8524188166484
588.6739502455457	-1290.5168475299142
587.6951294449391	-1288.767946162261
586.4976807158091	-1286.628541865386
585.3940430204384	-1284.655641471967
584.13342290133	-1282.3992938166484
583.4727173364954	-1280.382936395239
581.6847534694825	-1278.0159930335358
580.231506398588	-1275.4113787794486
579.0813599145622	-1273.3498553424142
577.8245850120438	-1271.0972918644547
576.4545898952056	-1268.642457878217
575.4147949723992	-1266.7784442072734
574.2054443872767	-1264.6101092472672
573.1988525900524	-1262.8060320988297
572.0502930206712	-1260.746705925092
570.782165578974	-1258.4730242881924
569.6890869644121	-1256.5126971388236
568.0654297380242	-1253.6011981135234
567.0408936045133	-1251.7714862013236
565.9381104013883	-1249.698244011961
564.9542847177945	-1247.8164080749266
563.5755615753587	-1245.1864031930454
562.6948242686922	-1242.370485226158
561.2440186059102	-1240.7395037799142
560.301208548015	-1238.941896357108
558.8404541532509	-1236.1563738975674
558.0158081569243	-1233.914430535864
556.7750244642375	-1232.216676631011
555.4616699729231	-1229.7119158837013
554.3322144072736	-1227.563722526189
553.0270386242773	-1225.1314715496264
551.74206548027	-1222.765138544608
550.3455200699391	-1220.630983271636
548.9489136248012	-1218.496095577255
547.5081787619856	-1216.2921160832047
546.3063355007907	-1214.4532488947734
544.8358154797461	-1212.2117938147858
544.0649414579384	-1210.337037960533
542.9624634305947	-1208.6408709641546
541.2305298367282	-1206.712037960533
540.0982056181529	-1203.9985369825736
538.3593140160083	-1202.697877802886
536.4898071796051	-1200.0990008502267
534.7031250499422	-1197.616334832739
532.9727783703711	-1195.2119158874266
531.50329594902	-1193.1755389356986
530.4633789574145	-1190.8618182325736
528.8767700713361	-1189.3665789728984
527.5404663583031	-1187.4260272146203
525.9850464367191	-1185.1671160836704
524.5312500512227	-1183.056032098364
523.2026978053618	-1181.1265887380578
521.8502808120102	-1179.1618670593016
520.4711914560176	-1177.158082881011
519.1123657739954	-1175.1848162752576
517.8138428248931	-1173.303346551489
517.1107178253587	-1171.3479022160172
515.5051270038821	-1169.338869011961
514.8112183121266	-1167.3381365896203
514.490905812243	-1165.160402213689
514.2254639182938	-1163.1226824894547
514.1133423356805	-1160.7902850280516
513.9765625504078	-1158.4677752600983
513.8949585476075	-1156.4209002596326
513.970031789504	-1154.1016863971017
514.2841187041486	-1151.8313006530516
514.8262939951965	-1149.1192645183764
515.5184937040322	-1146.902467646636
516.474304249743	-1144.533449091483
517.758056691906	-1141.9169940096326
518.7089233905426	-1140.0762957725674
520.0512085476657	-1138.0792254544795
521.65057378239	-1135.908082879614
523.220703174884	-1133.987062371336
524.5600586447399	-1132.4271258506924
526.3364868680947	-1130.3530291700736
528.3530273951474	-1127.9990252642892
529.8825684111798	-1126.2139910836704
530.9226685076719	-1124.314332879614
532.3148804226657	-1122.680543815717
534.1132202655426	-1121.276735224761
535.8120117702056	-1119.293825068511
537.1920166513883	-1117.6829852210358
538.6124878446572	-1116.025636590086
540.0855713391211	-1114.3070086613297
541.7717896025861	-1112.340089715086
543.3192139173043	-1110.5341815114953
545.3179932147032	-1108.2008074885234
546.8590698751505	-1106.4060076856986
548.5361938982969	-1104.3613299503922
549.8763428233797	-1102.6969012385234
550.9972534686676	-1100.4682635427453
553.0840454618447	-1098.7452410832047
554.4582520050462	-1097.0721453800797
555.7678833508398	-1095.4761981135234
557.087707570754	-1093.8673113961704
558.1558838407509	-1091.8309344425797
560.3879395035328	-1089.9019793630578
562.2287598155672	-1087.7471942058764
563.7549438978895	-1085.9591082707047
565.0722656764556	-1084.4149188138545
566.7734375502914	-1082.421022332739
568.1519775893539	-1080.8050555391237
569.8466187032755	-1078.8190936231986
571.7976685084868	-1076.5325946006924
573.2505493682111	-1074.8302020207047
574.8699341319734	-1072.9328631535172
576.3037720237044	-1071.2526873722672
578.0667725114617	-1069.186036982108
579.606506398588	-1067.380983270239
580.9872437036829	-1065.7615985041484
582.7456665552454	-1063.699464713689
584.4475098167313	-1061.7041033860296
585.9697266133735	-1059.9195574894547
587.1912231945316	-1057.6529559274204
589.7108765149023	-1055.5328387408517
591.6640625505242	-1053.2342547527514
592.9990845228313	-1051.6391619816422
594.7357788595255	-1049.5628680381924
596.5697632341762	-1047.3706072922796
597.9506226085941	-1045.7202166691422
599.5108643078129	-1043.8554705739953
600.5426636248594	-1041.7976092472672
602.8054199725157	-1039.9184588580392
604.0758057145867	-1037.210817254614
605.6892090355977	-1035.547975456342
607.6596680188086	-1034.118287956342
609.4229126483551	-1032.0111102224328
610.7319336452638	-1030.4469012380578
612.2169189970009	-1028.6729754586704
613.5670776873594	-1027.059694207739
615.1435547373258	-1025.176759636961
616.6679688011063	-1023.3567523136735
618.3719482937013	-1021.3205584650859
619.9623413585359	-1019.4202288771048
621.7871704605059	-1017.2396868844517
623.1807861840352	-1015.5742816082202
624.8909302271204	-1013.529970087111
626.6974487816915	-1011.3710955730639
628.3272095232969	-1009.4235247727484
630.0512085474329	-1007.3632220393047
631.5795288603986	-1005.536806024611
632.6669312031008	-1003.4539813189767
634.7764893078711	-1001.7163104163483
636.0825806169305	-1000.1558856139891
637.702697803732	-998.2204608116299
639.0636597181438	-996.5951556358486
640.626159718493	-994.7278460636735
642.2752686050953	-992.7574481149204
644.1164551291149	-990.5591448922642
645.5485230006161	-988.8490008530207
647.3863525908091	-986.6551531939767
648.784240772482	-984.9869403033517
650.0776367696235	-983.4433001661673
651.8362427257234	-981.3430193988606
653.7127686062595	-979.1019305363297
655.5501099139219	-976.9069842463359
656.5604248547461	-974.8258074880578
658.1514282726566	-973.5834368835203
659.300048879697	-971.4193133497611
660.5617065937258	-968.9242571969517
661.3842773935758	-966.4068621755578
662.103088428732	-964.1087054400705
662.520813038107	-961.6314105209894
662.7173462422797	-959.3586444039829
662.838012745895	-956.8347186222672
662.7136230967008	-954.7597674503922
662.6032105004415	-952.2423113966361
662.0449829612626	-949.9658831721172
661.5429077664157	-947.7938250675797
661.1781616726657	-945.4624652029015
660.4059448754415	-943.4935320988297
659.5787964382325	-941.2973040696234
658.7509155791486	-939.293153679464
657.7865601100493	-937.4690570002422
656.6549072769121	-935.5934466458857
655.5668335463852	-933.9102191091515
654.2705688977148	-932.1798113966361
652.6323853044305	-930.161806023214
651.207275442197	-928.5293597350828
649.4705811063177	-926.8085955763236
648.2097778825555	-925.1379412752576
646.3386841324391	-924.1141375666484
644.449035694648	-922.5510882502422
642.2557983897277	-920.7373675471172
640.6939087413484	-919.4458026066422
638.6698608902516	-917.7720965505578
636.503051808686	-915.9848651047796
634.5745850128005	-914.3195819025859
632.9484253447154	-912.9116839529015
631.0555420439341	-911.2731951847672
629.5272217307938	-909.9505023118109
626.9909058123594	-907.7561053386889
625.4191895031836	-906.3966693049297
623.6092529799789	-904.8303240910172
621.901489308395	-903.3521136413328
619.9057007334777	-901.6250018249266
618.0175781746511	-899.9917010427453
615.8694458514219	-898.1342181330547
613.9428711450892	-896.4683245816268
611.692199757148	-894.5217303433456
609.6114502463606	-892.7221697918139
608.7250366710359	-890.7424944997765
606.071838430129	-889.6629656916484
603.7067871602485	-887.6138323913328
601.5909424339188	-885.7800921574235
599.8515625500586	-884.2933367844671
597.2791748547461	-882.1624163761735
595.0891113780672	-880.3460711627267
593.4050903838361	-878.948427119758
591.345520069357	-877.240419307258
589.0839233916486	-875.3653582693078
587.130004933686	-873.7446307344362
586.3095703643048	-871.8612078800797
583.9986572783673	-871.1475237971172
582.0598145037657	-869.5391253600828
580.0599365739617	-867.8801898136735
578.2143555197399	-866.3491839542985
576.2872925318079	-864.7504290705547
574.4971313993447	-863.2654437175952
572.6436768090352	-861.7279070997611
571.039062551572	-860.3968524099328
569.409484914213	-859.0447405939922
567.5997314967681	-857.5429705763236
565.9941406763392	-856.2105120788328
563.8914185087197	-854.4656390300952
562.2263794462779	-853.0839862003922
561.0399780789157	-851.4222430335358
558.8364868678618	-850.2709979172796
557.068359426281	-848.8035296560265
554.9569702665322	-847.0504778986797
553.2222900899942	-845.6105975275859
551.0541382348165	-843.8114642282017
549.2161255393876	-842.2873553414829
547.2755127456039	-840.6807879568078
544.8065796398441	-838.6342181330547
542.8032227070653	-837.0820941063575
540.9243164572981	-835.9002093435265
538.9119263197063	-834.7010516296141
536.0872803236125	-833.379335320089
533.9901123546297	-832.7230242858641
530.9514771011309	-831.9314593453892
528.494445852004	-831.3646258469671
525.4240723163821	-831.1410540724173
522.2935181166977	-831.2284564143047
519.5078735856223	-831.5290545574389
517.2719727066578	-832.1138323917985
514.4740601103986	-832.8804339529015
512.551940968493	-833.5448016277514
510.54553227702854	-834.5656756502576
507.84548955212813	-836.0805682316422
506.36926274583675	-837.7635516244918
504.0746155301458	-838.8753070053644
501.4408569835359	-841.1095599313267
499.43728642800124	-842.9143084660172
497.9689026392298	-844.4370135436766
495.9524231457617	-846.5963763352484
493.96200566506013	-849.0087298490107
492.1674500021618	-851.1705950866453
490.2597351571312	-853.4702166677453
489.0811462914571	-855.823610226158
486.75247197411954	-857.699891963508
485.4707947288407	-859.2498797546141
483.9718018081039	-861.1365374689922
482.7056580107892	-862.7260760455392
481.6826782745775	-864.6704730163328
479.41491704346845	-866.8542498731986
477.9277039086446	-868.7204608093016
476.44622807763517	-870.5795916696079
474.96887212147703	-872.4339617858641
473.2368164571235	-874.6086444049142
471.5396423850325	-876.7404803419486
469.8778076672461	-878.8285540691577
468.5213623550371	-880.5327166686766
467.1419067901443	-882.2639788766392
466.05718999297824	-884.289979849942
463.9386292010313	-886.282167352736
462.6578064467176	-887.8893450880423
461.13931279536337	-889.7944964524359
460.39883427973837	-891.8875750657171
458.00881963188294	-893.699159540236
456.0299377955962	-896.1354998722672
454.54043584223837	-897.9756487975828
453.0729065454216	-899.7026995806955
451.7510071317083	-901.2495135432109
449.7762756856391	-903.5632342463359
447.9632568875095	-905.687440788839
445.8098145031836	-908.2103289728984
444.1113586925203	-910.2000750680454
442.3887024442665	-912.217958369758
440.74200444610324	-914.1463641305454
438.72259526583366	-916.5114154014736
437.1982422390138	-918.2964495779015
436.1646423849743	-921.1126727219671
433.8981018573395	-922.1601580777206
432.0921936534578	-924.2740496746264
429.9049683124176	-926.8343524113297
428.76779179938603	-929.0650653033517
425.54333501076326	-931.9322527986951
423.5629272975493	-934.2460955730639
422.2350464385818	-935.7976092491299
420.03805546986405	-938.361268913839
417.77221684827236	-941.0952777052298
415.76702885876875	-943.6195696969517
413.62411504087504	-946.3176898113452
411.53359990543686	-948.9513568049297
410.19470220035873	-950.6198138361797
408.2925720732892	-952.971620476339
406.269958546618	-955.4725360069424
404.7684021506575	-957.3229998708703
402.79531865392346	-959.6897601233795
400.55526738485787	-962.3675555377267
399.0176392107969	-964.2038592449389
398.05200200434774	-966.6311053382233
396.00784306868445	-967.6254290724173
394.2868347677868	-969.5745867858641
392.3011780299712	-971.8230609050952
390.7026978042559	-973.7004412775859
388.98831181786954	-975.7261370769702
387.14483647583984	-977.9016741868109
385.2728577169473	-980.1109637366608
383.77838139946107	-981.8759783883579
382.20526128076017	-983.7351702838205
380.5600281278603	-985.6786517286673
378.9354248562013	-987.5960711599328
376.9604797877837	-989.9251116882078
375.5040588878328	-991.6411151061766
374.17816167132696	-993.2028826852329
373.15231328242226	-995.0799578805454
371.20199590094853	-996.7090472322889
369.89114384911954	-998.2545184260234
368.6616516626673	-1000.7713641328737
366.73220830230275	-1001.9796771160327
365.20077519642655	-1003.7695941105485
363.70715337153524	-1005.2335223336704
361.5144653834286	-1006.9816302428953
359.1137085465016	-1008.6414202800952
356.87991338199936	-1009.6542376633734
354.20260625128867	-1010.5747088533826
352.1674500014633	-1011.0653094421141
349.6876526385313	-1011.2919940100983
347.56027226755396	-1011.2384661803953
345.4947205109638	-1011.0012225285172
343.37554936792003	-1010.6881121746264
341.27786259923596	-1010.1127947955392
339.51403813634533	-1008.9498919597827
337.846191457822	-1007.7241229182109
335.19573979708366	-1006.392030632589
333.0014954119688	-1004.7244280953892
331.43875127186766	-1002.6950701833703
328.89605717989616	-1001.6041278010234
326.8207703134394	-1000.0261248750612
325.164611866232	-998.7666644221172
323.2308350127423	-997.2960223304108
321.391296437243	-995.8968524127267
319.2995911161415	-994.3057269230485
317.1966858408414	-992.7058123708703
315.4447022002423	-991.372499385383
313.00210576388054	-989.5131854186766
310.38674931874266	-987.5220965519547
308.2543945827056	-985.8987445002422
305.75875859649386	-983.998720087111
303.4519348643953	-982.2425555372611
302.13967900699936	-979.9910296555609
299.4702759294305	-979.2113055367954
297.4324036153266	-977.6600360064767
295.0106201687595	-975.8165301424451
292.30520634900313	-973.7568377642892
289.7837830107892	-971.8369769235142
287.91891484579537	-970.4172991910018
284.8862305198563	-968.1093157907017
281.6501465358888	-965.6473406935111
280.41979985672515	-963.8021868821234
277.63500981545076	-962.5925311213359
274.5389099633903	-960.2371234083548
273.4199829606805	-958.2998675499111
270.18444829201326	-956.9263323927298
267.9414978537243	-955.1748675489798
264.76754765899386	-952.6458758488297
262.3856201673625	-950.7487200880423
259.78063969907816	-948.6749285832047
257.421630911238	-946.7971209632233
254.8888550310512	-944.7810076829046
252.02276616368908	-942.4981707711704
249.7999573254492	-940.7480486989953
247.35536198870977	-938.839296258986
245.2002411398571	-937.1560687185265
242.97987370891497	-935.4217547569424
240.3672943622223	-933.3809222360142
238.2561340847751	-931.7323016277514
236.7778473420185	-929.8282488971017
234.6037445566617	-928.8800677456893
232.04666142747737	-926.8828143244609
230.73783879674738	-925.0976580763236
228.21325688657816	-923.8763445988297
225.92143254575785	-922.0713519235142
223.3880768333329	-920.0839251657017
221.0803375763353	-918.272401727736
219.60498051875038	-916.4024066105485
217.42951970349532	-915.4025897150859
215.10260014806408	-913.5723284827545
213.860412648879	-911.8709124675952
211.52937322098296	-910.7630023122765
209.44580083322944	-909.1260394225828
208.55914311739616	-907.2766131511889
205.9987488295883	-906.4162005535327
203.85908513446338	-904.7335833692923
201.91882329399232	-903.2075213561766
199.7657471213024	-901.5139788752422
197.48950200504623	-899.7241839538328
195.73828130029142	-898.3472308274359
193.77755742316367	-896.8058489924297
191.43588261911646	-894.9652728224173
189.72508244751953	-893.6174945016392
186.88896184344776	-891.4456194993109
184.32603459665552	-889.4890765342861
182.69595342082903	-888.2447528024204
180.65614323836053	-886.6865252610296
178.70977788226446	-885.1985491896048
176.41494756157044	-883.4437884460203
174.3675995375961	-881.8776263361797
172.1034393828595	-880.1444720411673
170.09498601296218	-878.6059588580392
167.96521001122892	-876.9732073950581
165.48281865380704	-875.0691546550952
164.2069702669396	-873.3403948890045
161.65219121379778	-872.1295794597827
160.6659546396113	-870.299013057258
158.2716370128328	-869.5341204758734
156.59547429380473	-868.2464007525705
153.96510320046218	-866.2256487980485
151.34021001076326	-864.2087420588359
149.55447392736096	-862.8360003596172
146.45750432438217	-860.4550799522549
144.02857976208907	-858.5891741896048
141.25973515800433	-856.4605731139891
138.7301331066992	-854.4733904930763
137.73451237974223	-852.4270648146048
134.8774109390797	-851.4417742867954
132.41125493391883	-849.5026873713359
130.091613820754	-847.679628288839
128.48120122333057	-846.4136370774359
125.5331421418814	-844.0957049499266
124.61475377343595	-842.264100945089
122.16705327323871	-841.4486712585203
120.46948247228283	-840.1140155000612
117.89545445668045	-838.0895404005423
116.16127019270789	-836.7259539733641
113.54338841815479	-834.6658953814767
110.5073624169454	-832.274843133986
107.92716222070158	-830.2416400080547
106.13050847360864	-828.8251361045986
104.4872818508884	-827.5296649090014
101.3214035538258	-825.033876337111
99.76015477499459	-822.8450945974328
96.52248387678992	-821.2480486999266
94.88092808955116	-819.952333366964
91.6884537258884	-817.431337274611
90.10128789185546	-816.1778582665138
87.03544621693436	-813.7573870779015
85.45827489119256	-812.5103778028861
82.4173660784727	-810.1668109064922
80.7216339627048	-808.8715838561766
77.72652440326056	-806.5835589515045
74.97998814971652	-804.4839495774359
73.12440495775081	-803.0652484078892
70.50101476017153	-801.059755241964
67.59249882970471	-798.8362445007078
65.012291005929	-796.8652362017892
63.359455158468336	-795.5603655963205
62.03900533070555	-793.2720355167985
59.20406728127273	-792.2271746769547
56.724578908702824	-790.23919860553
53.89803319319617	-787.9745501633734
51.636451772763394	-786.1615618844517
50.072757772984914	-784.9075335613452
47.928104451682884	-783.1967181335203
46.34123234997969	-781.9604510450736
43.672771503799595	-779.8866595393047
41.33147817023564	-778.0675677428953
38.92387395264814	-776.2069720379077
36.06103520619217	-774.0005511441268
33.770736745151225	-772.231386099942
32.16618352185469	-770.9920062208548
30.94447141024284	-768.7759417658672
28.28959470114205	-767.9964007507078
26.92095380090177	-765.715516960714
24.331663182529155	-764.9229144235142
21.477998784161173	-762.7046527066268
20.280078939860687	-761.0122698936611
17.732543996768072	-759.8042620769702
14.763138822396286	-757.5072039747611
12.633875897619873	-755.8591937203892
9.814645818551071	-753.6763934255578
7.912652066966984	-752.2037982102484
6.51335006050067	-750.0597552442923
4.014650395140052	-749.1862200847827
1.4854714186512865	-747.2305316110142
-0.5844096622895449	-745.6297015319578
-3.2223433931940235	-743.5861834688112
-4.70099587040022	-741.7190569997765
-6.796227880346123	-740.8170794639736
-9.525627085997257	-738.7001971383579
-12.363870570727158	-736.496278680861
-15.309182114957366	-734.2078265324235
-17.383340785163455	-732.5974749741144
-20.088302561314777	-730.4981707697734
-22.454307506384794	-728.6615008516237
-24.969005534425378	-726.7092913738452
-27.17535013728775	-724.9972552424297
-28.768648096825927	-723.7609881502576
-30.843324610497802	-722.151735226158
-33.35939020803198	-720.2011126633734
-34.5616225679405	-718.3445452824235
-37.183704324648716	-717.2320574880578
-39.26445383706596	-715.6159686204046
-41.96082682348788	-713.5227069025859
-43.314315745723434	-711.6181048508734
-45.50615686964011	-710.7713030949235
-47.70602030539885	-709.063905633986
-50.15032190870261	-707.1669329786673
-52.53854364983272	-705.313905633986
-54.41070170083549	-703.8611468421295
-56.72016520262696	-702.0693987989798
-57.951740214484744	-700.355409540236
-60.12162012758199	-699.4321917663328
-61.97555155493319	-697.9946917649359
-64.31059260014445	-696.1884783892892
-66.38478846143698	-694.5962542654015
-68.45216364634689	-692.9688738943078
-70.27819819143042	-691.5148944039829
-72.2525710555492	-689.9442767254077
-73.90656275459332	-688.6284808283672
-76.38684077031212	-686.6549090519547
-78.33895106060663	-685.1013201801106
-80.87775416031945	-683.0802630549297
-82.8073806251632	-681.5441302414984
-85.15950770070776	-679.6715716514736
-87.85491175379138	-677.5250262385234
-90.05636591673829	-675.7710589542985
-92.91886133927619	-673.4898699899204
-95.33986658800859	-671.5601824885234
-98.13301844301168	-669.3338030930609
-100.58794397930615	-667.3761004563421
-103.64008326164912	-664.9416522164829
-106.55521387682529	-662.6163348313421
-109.6903151954757	-660.1137713585049
-112.09709925297648	-658.1922625671141
-114.07928461761912	-656.609559930861
-117.36859125876799	-653.9840106149204
-120.42706293647643	-651.5418109092861
-123.06970209692372	-649.4344500661828
-125.32810206076829	-647.6358050461859
-126.91031641699374	-646.3752459641546
-129.42120356153464	-644.3733538761735
-132.77847284893505	-641.7300433316268
-135.44740290404297	-639.6532000666484
-138.7726745099062	-637.0650042654015
-141.3272246805136	-635.0745257493109
-143.0024108380312	-633.7686175447889
-145.5658263640944	-631.7697772132233
-148.62562556006014	-629.3836688180454
-151.0009917705902	-627.5313128582202
-153.96449274779297	-625.2206439143047
-156.62080378259998	-623.1495989938267
-158.55998224858195	-621.6375750694424
-161.24504084233195	-619.5441302410327
-164.488021799305	-617.0148944039829
-167.26777643780224	-614.8461932316422
-169.81056208279915	-612.8624896164984
-172.03326410986483	-611.1284197955392
-173.78001398785273	-609.7653216477484
-177.28398127137916	-607.0303973341361
-178.6481322728796	-604.5634783837013
-182.06204218528	-603.3010882530361
-184.05287165363552	-601.7468890310265
-185.8001708468655	-600.3829363975674
-188.5012816870585	-598.2741717458703
-190.865356394439	-596.4286517258734
-194.2712096653413	-593.7700823936611
-196.38677973474842	-592.1188983093016
-198.2603606672492	-590.6568621774204
-202.18270868854597	-587.5959490882233
-203.93092341022566	-586.2313250643201
-207.08918757201172	-583.7658099289984
-209.26104731170926	-582.0704974299297
-210.7831115218578	-578.5640277047642
-213.75328058784362	-578.5640277047642
-215.4149322003941	-577.2668475289829
-217.50976557395188	-575.6308001661673
-219.15107721922686	-574.3485125657171
-221.8115233858116	-572.269227899611
-225.29977411800064	-569.5437640310265
-229.34217829280533	-566.3842181363143
-231.33393854775932	-564.8232440147549
-234.46296686842106	-562.4005755539984
-236.89399714197498	-560.5385760446079
-238.70744318712968	-559.1572894216515
-240.1383056140039	-556.9011248704046
-244.07479853311088	-555.0742816105485
-245.9373626188608	-553.6563738938421
-248.70010370807722	-551.5510882521048
-251.40075678518042	-549.4931048532017
-254.0622710675234	-547.4673480135389
-256.33782953908667	-545.7370623708703
-258.31857294682413	-544.2318133497611
-260.238281199825	-542.7604998704046
-263.13204951031366	-540.5095233079046
-265.2575377911562	-538.8547381511889
-266.49124140443746	-536.6624774094671
-269.32446283928584	-535.6921404949389
-271.7724914033315	-533.7897357116453
-274.1459960420616	-531.9448260418139
-276.22714228380937	-530.3275164719671
-278.86160273308633	-528.2814959632233
-281.18719477253035	-526.4749163771048
-283.4876708469819	-524.6867694039829
-285.7648620092077	-522.917360226158
-286.9301452121581	-521.1091937194578
-290.33862299571047	-519.3659075866453
-292.7210387670202	-517.5144061204046
-294.6877440896351	-515.985292354133
-297.5311583955772	-513.7753314129077
-299.50588984170463	-512.2400530953892
-302.4996642554179	-509.9131487971172
-304.96810908068437	-507.99356261640787
-308.4627990219742	-505.2763690110296
-310.8758849577862	-503.4009112515487
-312.1015624481952	-501.2378253140487
-315.1281737770187	-500.0956744342111
-317.877899117826	-497.9984454284422
-319.577056834416	-496.733980095014
-320.5566100558499	-494.9146136404015
-323.41519159974996	-493.8807391291484
-325.59536738152383	-492.2593402029015
-327.2305907686241	-491.04324523126706
-329.4993590800441	-489.3565081730485
-331.7878417468746	-487.65533629991114
-334.4587401842	-485.6694659353234
-336.19436640350614	-484.37881652172655
-338.34786982263904	-482.77755920169875
-340.5119323215913	-481.1575335646048
-342.98532099474687	-479.25976745039225
-344.943908639485	-477.75613585533574
-347.25582880707225	-475.9819964542985
-349.44879145384766	-474.3007525559515
-352.1705321756308	-472.2134417677298
-354.5499877409311	-470.38647643476725
-356.7218322249828	-468.71884337672964
-359.0400695288554	-466.9373187199235
-360.864807078382	-465.53390685422346
-362.72433466650546	-464.10229674866423
-364.64550776121905	-462.6221942077391
-366.6255492651835	-461.09576598601416
-368.51632685319055	-459.61377135431394
-370.57696528034285	-457.9957598806359
-373.16580195061397	-455.9641741840169
-375.62597651116084	-454.0337237464264
-377.86172480275854	-452.2782000671141
-380.5409545399016	-450.1722430395894
-382.2793883764534	-448.8055438180454
-384.3979796850472	-447.13879576837644
-387.3327636211179	-444.8273638859391
-388.8268126922194	-442.88940612226725
-391.3120727032074	-441.69107238342986
-393.12261957710143	-440.26342956209555
-395.9689025367843	-438.018007195089
-398.5772094227141	-435.9591998225078
-401.61514277081005	-433.5597552424297
-403.14480585814454	-431.16482726391405
-406.17617792694364	-429.9593524108641
-408.6559447737527	-428.0018939143047
-411.5574950671289	-425.71136656962335
-414.4316405731952	-423.4423541193828
-416.7910460921121	-421.5793475303799
-419.64715571003035	-419.32425109343603
-420.9972838856629	-417.14425841579214
-423.7196959932335	-416.1088885422796
-425.51190180389676	-414.69491759873927
-427.6041259248741	-413.04443541774526
-428.9490661100717	-411.28408995922655
-431.5214843231952	-409.9558123704046
-433.69738764339127	-408.2415179377422
-435.76782221364556	-406.60684386407956
-437.9218749484862	-404.8950518751517
-439.8648375956109	-403.35690490109846
-442.36172480206005	-401.396425165236
-444.1883239237359	-399.96255675470456
-446.01672358240467	-398.5268572932109
-447.81835932435934	-397.1122149620205
-450.21505732269725	-395.2292803893797
-452.01538080745377	-393.8140887375921
-454.2951354472898	-392.02282897243276
-456.8719787093578	-389.99972716905177
-459.08282465534285	-388.2709979182109
-460.84509272151627	-386.89618102740496
-463.21520991029684	-385.04864684166387
-464.9574279282242	-383.6871050968766
-466.6610717260628	-382.3557757511735
-468.87316889315844	-380.6272906428203
-470.4945373023511	-379.3609332218766
-472.62701411009766	-377.695741572883
-474.2221679177019	-376.4501666207798
-475.82058710686397	-375.20175353391096
-477.86090082710143	-373.6087359539233
-480.0014953108039	-371.93765441374853
-481.9518737286562	-370.4144610520452
-483.423706003814	-368.7034014821984
-485.3711242158897	-367.6662615938112
-486.93707270367304	-366.29574767360464
-488.8096618151758	-364.4253863468766
-489.7640075178351	-362.3124713059515
-491.35690302430885	-360.66226378828287
-492.9484862764948	-358.24875060329214
-494.1636657194467	-355.817903438583
-494.9633483364014	-353.4983538775705
-495.9982604467077	-350.8659686250612
-496.71368403115775	-348.1291522150859
-496.9624328102218	-345.47686950303614
-497.1615600066143	-342.62198058422655
-497.3368834935827	-340.19293395476416
-497.251556344796	-337.4055804396048
-497.07910151121905	-334.9113482637331
-496.4809569803765	-332.32837096601725
-495.85723871923983	-330.2447222843766
-495.02188105275854	-328.0366229186766
-493.79434198944364	-325.4886492891237
-492.3847655731952	-323.40347472252324
-491.1589049793547	-321.71637145709246
-489.5563353971229	-319.8434466519393
-488.2626952616265	-317.84771911334246
-486.44293207884766	-316.6972979665734
-484.44586176564917	-315.02466002851725
-482.08963007637067	-313.39257995178923
-479.93225092464127	-311.8854693523608
-478.1406859845156	-310.6347674531862
-475.89947504608426	-309.0697039719671
-473.9688109852141	-307.72448913147673
-472.15423578827176	-306.5345172067173
-470.2363585912972	-305.27792540891096
-468.4331359344069	-304.0943926931359
-465.55841059301747	-302.2079791207798
-463.6472167450702	-300.9541033869609
-461.44335932284594	-299.5081805358641
-459.38363642443437	-298.15658751735464
-456.9880065404577	-296.5847491421737
-454.6897582503734	-295.0777606149204
-452.67239374737255	-293.7551898150705
-450.0591735331109	-292.04062072047964
-448.58920282893814	-290.377870476339
-445.8043212374905	-289.25061217462644
-443.68832392274635	-287.86105529172346
-442.2440490211593	-285.89761535217986
-439.5667724094237	-285.25595275172964
-437.153808543575	-283.7474688659422
-434.4463500463171	-282.05337706860155
-432.27618403173983	-280.6944293146953
-429.6621398406569	-279.0564593449235
-427.9143981412053	-277.96197692491114
-425.29565424483735	-276.32293883664533
-422.9939269499737	-274.882265010383
-421.0559691869421	-273.669710079208
-418.1911620576866	-271.87726012663916
-415.6113280731952	-270.26303283311427
-413.6517028292874	-269.0366839566268
-410.66311640356435	-267.1657122755423
-407.3855590309249	-265.1143511906266
-404.69140619796235	-263.42761412775144
-401.36123652092647	-261.3464984083548
-397.74313349300064	-259.08685485320166
-394.45510859176284	-257.03564635524526
-390.66912836721167	-254.67296019988135
-387.64385981310625	-252.78465453535318
-385.6861571766203	-251.5627307095565
-381.86627192096785	-249.1792163029313
-378.47180170577485	-247.06196776684374
-375.61535639403155	-245.27951232437044
-373.45001215598313	-243.92863647034392
-372.02334589639213	-241.7658862248063
-369.9839171861531	-241.7658862248063
-367.0949401350226	-239.96283141616732
-364.9481811004225	-238.62526122434065
-363.2370604969328	-237.55902282241732
-361.1362304170034	-236.25033751921728
-359.839172312757	-234.6381091242656
-356.7539367165882	-233.51170531706885
-355.39089960674755	-231.3789843688719
-353.3414306138875	-231.3789843688719
-350.3759154754807	-229.52670470857993
-347.2150573208928	-227.5522631779313
-345.89736933400854	-225.66569701349363
-342.9438781236531	-224.88398925494403
-339.2867431137129	-222.59747496899217
-336.86550898326095	-221.083925165236
-335.12725824897643	-219.99803343927488
-332.1057738743257	-218.11064330721274
-329.4419249977218	-216.44679443025962
-327.12738031946355	-215.0036944518797
-325.3835753884632	-213.9189623966813
-324.20318598509766	-212.1855792189017
-321.3713683576789	-211.42216674098745
-319.2672118631308	-210.11596862087026
-316.7906493622577	-208.5781268258579
-315.0256347141694	-207.48170653963462
-312.5877379871672	-205.9668749962002
-310.69561762397643	-204.78978148847818
-307.8837279762374	-203.0446643019095
-306.7760009262711	-201.11447326047346
-303.73480219510384	-200.3699053893797
-301.09985346440226	-198.66842833859846
-299.40811152150854	-197.57690611993894
-297.176513620303	-196.13479796564206
-294.6292724098312	-194.52206603204831
-293.01699824095704	-192.84153930097818
-290.5938720186823	-191.9783343449235
-288.06356806482654	-190.3827380305156
-285.6678466282319	-188.8724841242656
-283.15036005643196	-187.28579894499853
-280.857421824825	-185.84045592928305
-278.40557856159285	-184.2942217956297
-276.2181701142108	-182.91452208952978
-273.83218378573656	-181.4093035836704
-271.1625670873327	-179.7247485285625
-269.1445006807335	-178.45100585464388
-266.89193720562616	-177.02925292495638
-264.36505121772643	-175.43448058702052
-262.01574701839127	-173.9516314631328
-258.9972533675609	-172.04609862482175
-257.9190062972484	-170.33258239226416
-254.8869933577953	-169.45160094555467
-252.10807795089204	-167.69827453047037
-249.3845214333851	-165.97996703442186
-246.26493830280378	-164.01107970625162
-243.42156977334525	-162.2162951612845
-240.37416071508778	-160.29236022382975
-237.24038691230817	-158.3130206251517
-235.96636957745068	-156.09982482204214
-233.73716730839806	-156.09982482204214
-230.6965026356047	-154.17932311352342
-229.3953246565652	-152.04503051098436
-227.317916818487	-152.04503051098436
-224.22538752219407	-150.09146300330758
-222.2669829808874	-148.85458556795493
-219.72653193073347	-147.25016967207193
-218.00073237065226	-146.16015807259828
-215.51025385595858	-144.58683959348127
-213.60597223904915	-143.38417235948145
-212.45774836139753	-141.66075316490605
-209.01722712261835	-140.48750487715006
-206.19178766873665	-138.70378295192495
-203.34735102328705	-136.90793029172346
-201.13159174623434	-135.50917235855013
-197.89886469615158	-133.46902648266405
-195.44947809912264	-131.92350951535627
-193.70742792834062	-130.82431212859228
-191.27825922658667	-129.2917803884484
-188.656143137021	-127.63719359785318
-186.34803766891127	-126.18049804354087
-183.82206721033435	-124.58622161345556
-181.5114745592	-123.12780944304541
-178.6595611058874	-121.32750884303823
-176.45460505073424	-119.93546477612108
-174.10447687725537	-118.451806940604
-171.34365839726524	-116.70817748550326
-169.37451166880783	-115.46409026626498
-167.04054255230585	-113.98947325954214
-164.27325434354134	-112.24152556946501
-162.90972895303275	-110.33443633606657
-160.2316741431132	-109.68940917542204
-158.70352167799138	-107.7709063673392
-156.0748290506308	-107.06366912228987
-152.91256708756555	-105.06605712417513
-150.08227533870377	-103.27736846217886
-147.56222528975923	-101.72384063107893
-144.81112665770343	-100.04562560468912
-142.34265131660504	-98.53746978426352
-140.59062189806718	-97.46629516175017
-138.10121149744373	-95.94438353693113
-135.35142511944287	-94.26430693781003
-133.95039362681564	-92.74643889721483
-131.11935419676593	-91.6798113938421
-128.74531550169922	-90.22992888838053
-125.87170404958306	-88.4740924006328
-123.31616205797764	-86.91214934969321
-121.99500269454438	-85.19414703082293
-119.59628290729597	-84.63819305272773
-116.854614206939	-82.96346465637907
-114.17294306313852	-81.32570830686018
-112.0019530740683	-79.99865905288607
-109.58117670682259	-78.51847258862108
-107.2800368759199	-77.11210814770311
-106.03637690271717	-75.4794787527062
-103.55000300129177	-74.83210174180567
-100.8565520721022	-73.1849078303203
-98.65382380259689	-71.83789244946092
-96.20592493668664	-70.34096709778532
-94.93534082989208	-68.6882647657767
-92.30876154627185	-67.95735350856557
-89.99739832483465	-66.5435504107736
-87.52293390914565	-65.02980224229395
-84.6407012421405	-63.266427911352366
-82.74467463244218	-62.10649291286245
-80.1158599355258	-60.498372950125486
-78.0958251443808	-59.26277724513784
-75.93959040334448	-57.94402114208788
-73.4788741559023	-56.439100180752575
-71.56871790462174	-55.27093306975439
-69.29445643012878	-53.88022033125162
-67.28219599305885	-52.649789727758616
-64.95256800262723	-51.22540084179491
-63.19602961104829	-50.15143386134878
-61.27448649040889	-48.97656814241782
-59.237022349378094	-47.73081008763984
-56.4344405613374	-46.01727477554232
-54.84118265687721	-44.34864608338103
-52.77815623045899	-43.7829455495812
-50.91027063981164	-42.64629928255454
-48.43943018623395	-41.14580337004736
-46.72550196299562	-40.10093108378351
-44.814975687419064	-38.93651000363752
-42.443813273101114	-37.488164820708334
-40.695407815568615	-36.397912894841284
-38.504825541283935	-35.03341857297346
-36.03739924088586	-33.40527907386422
-33.78940577240428	-31.801889337599277
-31.745071360841393	-30.3495177407749
-29.99490160541609	-29.106632150243968
-28.215743968030438	-27.843170082662255
-25.79960055067204	-26.121263422537595
-23.857873865636066	-24.737712779082358
-20.954700419679284	-22.67032233485952
-18.84478182566818	-21.168016352690756
-16.838586755329743	-19.739168086089194
-14.282195992942434	-17.917640605941415
-12.397735545469914	-16.575527110602707
-10.00490278948564	-14.854615127202123
-8.032890268135816	-13.423932946287096
-5.54108996107243	-11.61722937785089
-3.7740797481965274	-10.336312213446945
-1.3596000173129141	-8.583173668943346
0.6178831973811612	-7.075003065168858
3.2528155369800515	-5.050338188186288
4.977072766982019	-3.726509011350572
7.389511636109091	-1.875783481169492
9.461474470444955	-0.2871113484725356
12.203749707201496	1.817144358996302
14.06256394693628	3.2432063440792263
15.986417821142823	4.718691906891763
18.514774374431	6.706219756044447
20.544029285782017	8.408419689629227
23.07083516533021	10.530496680177748
25.34490399621427	12.436551174148917
27.52353101153858	14.262347305193543
29.943510107405018	16.290588461328298
31.48570447380189	17.58317573927343
33.51495366508607	19.283897483255714
35.123184256022796	20.631620491389185
37.9460526027251	22.9976921887137
40.15892415388953	24.852789008058608
41.82319264812395	26.248069846071303
43.24362950620707	28.268028340302408
45.863864950602874	29.685014805290848
46.80077367206104	31.683254321105778
49.52605443273205	32.91016586730257
50.43748860771302	35.331361854914576
53.15240483498201	36.10746582457796
55.9097519419156	38.53652008622885
58.711494495742954	41.005117496009916
60.860149433952756	42.89847000548616
62.474617054569535	44.32106980215758
63.95610814518295	46.46827896684408
66.90656285558362	48.226224979851395
69.20288091141265	50.24969681259245
71.0802078746492	51.904066167771816
73.8654785665567	54.35873611783609
75.43087773636216	55.73834427352995
77.00942235416733	57.12951096147299
78.0593796283938	59.40873154113069
79.59545903594699	60.819830022286624
82.74285893701017	62.18269928917289
84.62371831154451	63.840036476030946
87.10311894793995	66.02451904676855
89.94368749036221	68.52746399398893
91.71286778734066	70.08660705992952
94.14313512179069	72.22874268284068
96.54225926822983	74.34332092758268
98.05491643224377	75.67647370044142
100.12421422381885	77.50027283281088
102.56673436588608	79.65301331225783
104.79591374727897	81.61760529270396
107.50707249995321	84.00684173824266
109.62465672753751	85.87339599942788
111.62740331108216	87.63908966770396
113.97460179741029	89.70797547046095
116.1434555556043	91.61944397725165
118.03741460223682	93.28864868264645
120.44042210950283	95.39750488800928
122.21195988974068	96.94851501798257
124.20964055438526	98.7042294354178
126.10385136876721	100.37016876693815
127.6875763439457	101.76283844513819
128.82774358137976	103.64695557160303
130.9033051042352	104.59058960527182
132.67059331276687	106.14604767318815
135.23329167673364	108.39868744416162
137.06024175102357	110.00710114184767
138.62715153919999	111.39047058625147
140.40653996821493	112.96346100606024
141.92071538243908	114.29770477721468
143.78996281977743	115.9448986868374
145.5910797631368	117.53283508820459
147.23640447005164	118.98379334295169
149.02676396700554	120.56226929510012
151.2087555450853	122.48528107209131
153.0517273459118	124.10904511064291
154.56895451887976	125.44529541628435
156.936904959206	127.53622254123911
159.02030950022163	129.25774964038283
160.52653508534422	131.15293701784685
162.79887395200785	132.3499127291143
165.11569218919612	134.14903076505288
167.14179997734027	135.6187268118374
168.8246307889931	136.84431275026873
170.57841496705078	138.12060364196077
172.68109135876875	139.65052612591535
174.42610173480352	140.92014892818406
176.6996613064548	142.57363709202036
178.8932343038614	144.1709118722938
181.0589905292727	145.42666443204507
183.39762883580988	146.62289245938882
185.55308537732344	147.73652466386557
187.7362518812297	148.62719544302672
190.12986760376953	149.4900952205062
192.44868474220857	149.96964844083413
194.7080383808934	150.23625000705943
196.97166447981726	150.47997864009812
199.588653615152	150.60188111057505
201.97970586176962	150.42120178695768
204.47982793231495	150.1412640423514
206.79133611154975	149.77758606430143
209.11724858515663	149.07305725757033
211.44947819958907	148.04488953296095
213.5701904806774	146.9620800842531
215.82373051927425	145.74325378797948
217.65896611614153	144.7217694139108
219.84782414825168	143.50088318344206
222.17466740962118	142.1187420762144
223.98278813634533	140.9747906550765
226.1602936296258	139.60734375566244
228.78091435716487	137.96087464038283
231.09950261341874	136.50356873078272
232.9788818861125	135.32194336410612
234.767746022786	134.1965771545656
236.82920842507156	132.89994629239663
238.66932683321647	131.74156006192788
240.7435761016095	130.46311767911538
242.60295109992148	129.31806763168424
244.63508611009456	128.06635865103453
246.5115662130993	126.91067322250456
248.5662384549505	125.64564331574365
250.4987030539196	124.45612152758986
252.6994324241532	123.101736147888
255.16789250692818	121.58266266807914
257.1597900890047	120.3569317702204
259.1418762715184	119.13727387413383
261.31826787261525	117.81231506774202
263.6948242705548	116.3980007963255
265.5020142106805	115.32151612080634
267.50643926043995	114.12720306869596
269.4847107445821	112.94858368486166
271.6878662620438	111.63620575191453
274.25433354685083	110.10806091874838
276.13430791307474	108.9889508113265
278.3156738784746	107.69022186752409
280.2176819345914	106.56026276107877
282.34982304804726	105.11432464979589
284.1463013208704	103.82021912513301
285.9989624527516	102.49191864440218
288.18328862439375	100.96688659954816
289.96640019718325	99.80399903096259
291.8932190454798	98.5436688279733
293.5912170923548	97.4298916705884
295.5205994169228	96.28000458562747
297.7127686046297	94.98355682846159
300.60662846989	93.26750763645396
302.3344116717926	92.24305542511865
304.7993469744688	90.7814694265835
306.83255009923596	89.57590302219614
309.10162358672824	88.23045929521322
311.1320801289985	87.02667053742334
313.39913945418084	85.68260010518134
315.8418274440337	84.23390777921304
317.8327942402684	83.05244263540953
319.9885254413821	81.77286347048357
321.93371587013826	80.61852081911638
323.3068848158	79.14694031421095
326.5252991231391	77.89467438450083
328.3899536632234	76.78854187577963
330.38461308868136	75.60377319855615
332.2934875997598	74.46138580795377
334.46270757028833	72.95890625659376
336.30911260005087	71.63468750659376
338.0956116237212	70.35935791721568
340.03146367298905	68.9765988229774
341.66244511905825	67.81123169604689
343.75942998274695	66.30274018039927
345.10653691680636	64.36272247787565
347.92474370263517	63.10145004745573
349.75009160436457	61.69622620427981
351.7467346697231	60.258897862862796
354.0473328153603	58.65621384233236
355.9038696803618	57.35545929335058
358.2052917990368	55.809064945206046
359.9197693368769	54.667688452638686
362.20581059809774	53.156110846437514
364.2044983416563	51.889600839000195
365.96319585153833	50.772176823578775
368.3520813504583	49.25332077546045
371.03930669120746	47.54527100129053
372.87905888812384	46.37617309950292
374.9998169449391	45.02854355284944
377.02175908419304	43.743810737505555
379.30642705294304	42.29220398515463
381.24438481545076	41.06415375228971
383.34469609626103	39.79020127048716
385.26263432903215	38.62832840671763
387.33035283500794	37.374372565187514
389.268646290584	36.19877823442221
390.999237111595	35.149389350321144
393.719726612675	33.499883736949414
395.5792542002164	32.37225159164518
397.8515930674039	30.994226537644863
400.3190308115445	29.49784096609801
402.4265442409087	28.21981056779623
404.2226868190919	27.12986572785303
406.0081787626259	26.045766912400723
408.55865483521484	24.498022162355483
410.580871631857	23.270435416139662
412.8490601090016	21.8936673020944
414.84167485660873	20.685764394234866
417.4646912132157	19.094814382027835
419.87036137783434	17.63541802018881
422.19137578399386	16.22753151645884
424.74291997251566	14.67990978853777
427.18276982719544	13.200128640048206
429.85522465984104	11.579875071998686
432.16586308798287	10.180145347490907
434.0799255882157	9.020658574532717
436.37854008958675	7.62723549362272
438.7649231455289	6.178985678590834
441.2904663585359	4.64363773772493
443.50427251233486	3.29706986900419
446.0184326671297	1.76879867259413
448.32559209142346	0.36784492852166295
450.9711304225493	-1.2385248322971165
453.3645630382234	-2.6917022857815027
455.4032288102899	-3.92938415100798
457.8964233910665	-5.443285858724266
460.0177612803527	-6.731087126303464
462.40649419103283	-8.18112079007551
464.22396855591796	-9.284545816946775
466.2469482921297	-10.512682833708823
468.57067876285873	-11.922930633183569
470.5262451681774	-13.10960189299658
472.5147400407586	-14.316373739857227
474.7208557642298	-15.655133165884763
476.48968510865234	-16.72853843169287
478.84124760935083	-18.15589515166357
480.908996633254	-19.41101256525144
482.79614262789255	-20.55631629517302
484.97158818505704	-21.87625495204702
486.87399297056254	-23.02978316647932
488.9757996118278	-24.30444327974692
491.2945557148196	-25.710929789580405
493.11984257993754	-26.817977827508003
495.07659917138517	-28.00441543152556
496.8270264189923	-29.065521157812327
499.01147465989925	-30.389190590940416
500.94186406361405	-31.558683313429356
503.6489868683275	-33.19907179987058
506.42465214949334	-34.88225356535986
509.14178471965715	-36.53213683748618
511.7069397473242	-38.08867446286604
514.2872314967681	-39.65436355071142
515.8409424338024	-41.25933639006689
517.8665161629906	-41.826311028562486
519.7534180195071	-42.971338187810034
521.4944458521786	-44.0279368548654
523.7704468275188	-45.41074553737417
525.7047119650524	-46.58672515116632
527.8863525895867	-47.910921015776694
529.5993652863544	-48.94999495567754
531.7095947781927	-50.23006621794775
533.5096436053282	-51.32185546355322
535.5910034681438	-52.58529082732275
537.8232422374422	-53.940980828367174
539.5804443859961	-55.00808135047555
541.5609131363453	-56.210409082937986
543.7609253447736	-57.545263207983226
545.8931274916977	-58.83912459621206
547.580566456425	-60.32662383187562
549.465210012102	-61.007577813696116
551.5739136245102	-62.30827132752165
553.3031006372184	-63.40893737273291
555.9490356954047	-65.09049407113343
557.8625488799298	-66.30608550319448
560.438293508254	-67.94555846741423
562.7208862815751	-69.3435916067101
565.1328125499422	-70.80825225263834
567.7116699727485	-72.37510100984946
569.6478882336523	-73.55124083906412
571.848571829265	-74.88831511791795
574.2330933116027	-76.33777800947428
576.0034790541977	-77.41434661392123
577.7571411649114	-78.48067657183856
580.1884766129078	-79.95873443223536
582.4237671402516	-81.31772795924917
585.0608521025861	-82.9210909968242
587.1724854017375	-84.20501128677279
589.2496948760236	-85.46829406032339
591.7103882348165	-86.9645175090991
593.8030396013055	-88.23680297192186
596.133606007963	-89.65365020092577
598.2727661635145	-90.95340911159292
600.5987549342681	-92.36694518523291
603.1276855979813	-93.90412322850898
604.6221924326383	-95.43678466137499
606.9481812041486	-96.22648040065542
608.8015137217008	-97.353456415236
611.1876221215934	-98.80436888895929
613.4003296395531	-100.14922515209764
615.2838135274942	-101.29376403195783
617.0867920421297	-102.38995543774217
619.1437988798134	-103.6407794142142
621.2334595229477	-104.91160003002733
623.553405812243	-106.32237425958738
625.4990845228313	-107.50540343672037
627.0841064964188	-108.80217162612826
628.9696655782172	-109.61567107727751
631.3100586440996	-111.03888122038916
633.174499561952	-112.17273131664842
635.6252441913821	-113.66089812805876
637.8226929228404	-115.07055083848536
639.5725098175462	-116.22384062875062
641.9199829607969	-117.76500884396955
643.9495850123931	-119.0764865046367
646.0374756373349	-120.42714873561636
648.1962280776934	-121.8235339303501
649.7359009305364	-123.12346068629995
651.6242676288821	-124.03164855530486
653.4229736842099	-125.15916625410318
655.5273438007571	-126.47941772127524
657.3572388202301	-127.60650054411963
659.2915039568907	-128.79846373945475
661.1180420434102	-129.92358580976725
663.0864868664648	-131.12242309143767
664.9530029793968	-132.2529162564315
666.7182617685758	-133.32240477995947
669.0067749527516	-134.70810119109228
671.5263672374422	-136.2336291456595
673.8997192890383	-137.67048827558756
676.400695852004	-139.18457213882357
678.3808594253496	-140.38315001875162
680.9920044444734	-141.97096434701234
682.9518433116609	-143.0955828819424
684.5498047377914	-144.43048278521746
687.1192017106805	-145.43831054167822
689.4479370614863	-146.74789611436427
691.4602051298134	-147.89042846113443
693.7542114770622	-149.22413817979395
695.8684692890383	-150.45158568723127
698.0826416528434	-151.73497191630304
700.0681152848992	-152.9643878126517
702.2395630382234	-154.3075579740107
704.3922119654599	-155.640489497222
706.1683350105304	-156.73958007153124
707.6323853037902	-158.23208800889552
710.3582153838361	-159.3332690373063
712.2847290550708	-160.52635375689715
714.049865773879	-161.6198290954344
716.2471924339188	-162.98068419843912
717.9669189971755	-164.04617492156103
719.9471436051535	-165.27293578349054
722.1338501492864	-166.62762633804232
723.8764648935758	-167.70808593276888
725.7455444853986	-168.84498778777197
727.774414112675	-170.07798949442804
730.2042847194825	-171.5551623464562
732.0512695814832	-172.67775146011263
733.7965698753251	-173.738634028472
735.9754028826719	-175.06300536124036
737.7685547372676	-176.1528796311468
740.1108398935758	-177.5763873225078
742.2165527861798	-178.85615722183138
744.4383545438177	-180.20637694885954
746.5989380390965	-181.5192584162578
749.0361328624422	-182.9936694279313
751.0624390158337	-184.20025817025453
753.4812622581376	-185.6409472580999
755.3401489754906	-186.74841491086408
757.7754517114954	-188.1993731618859
759.5904541523778	-189.2812060471624
761.6029663584195	-190.48124877316877
763.588256887102	-191.66478149127215
765.751403859409	-192.95359984831885
767.4390869637718	-194.65866271499544
769.4456787609961	-195.15443602902815
771.2859497575555	-196.25100890593603
773.2471313985297	-197.41977111343294
776.0843506373931	-199.11087218811736
778.6127930196235	-200.61868468718603
781.1769409688422	-202.14799682050943
782.9705811045133	-203.2176226763986
784.9442749532172	-204.3948382497765
786.8464355972246	-205.52952758036554
789.033264209982	-206.83415404893458
791.4500732937595	-208.27545348741114
793.5147095236462	-209.50630370667204
795.3782349136891	-210.61744872340932
796.9663086454966	-212.0756396423094
799.0126953641302	-212.78465453488752
801.776001027436	-214.43336669402197
804.0845947760972	-215.81144897034392
806.2367554219672	-217.09506407985464
807.9523926278343	-218.75349608669057
809.909973194357	-219.28364745574072
811.979553272482	-220.5174121018499
814.3105469255242	-221.9068926940672
816.0716553232633	-222.95208922820166
818.1309814964188	-224.27591125201434
820.0700073743938	-225.5894030733034
822.2405396004906	-227.05589476646855
824.3590698756743	-228.49049559934065
826.2658081571572	-229.79983702860773
828.2491455585696	-231.15696898894385
830.0064697769703	-232.42396727809682
832.028137258254	-233.99994079116732
833.8574219253496	-235.41429320769385
835.7892456551781	-237.0401019230485
837.5021362807602	-238.5584124685265
838.984130911238	-240.54229918681085
840.8780518095009	-241.5349444518797
842.6788940931438	-243.1234149117954
844.5441284682602	-244.76922789914533
846.301330616232	-246.31682006269693
847.5565186060267	-248.2119464026764
850.2211304221419	-249.76878539193422
852.4736328643048	-251.75131407938898
854.7708740738453	-253.77366820909083
856.6698608895531	-255.44293395522982
857.5735474129324	-257.4680194039829
859.7518311049789	-258.28112975601107
861.8472290548962	-260.2511614924297
863.5874023934011	-261.88577453047037
865.6831665544887	-263.8543719407171
867.397705129988	-265.46481505734846
869.1334839382907	-267.0951251173392
870.6779175307602	-268.5649737473577
872.7667236828129	-270.61276427842677
874.7401733900188	-272.54562560655177
876.6184692890383	-274.3844317565672
878.6375732924207	-276.3618487501517
880.5915527843754	-278.2747515826486
882.2025146987871	-279.8511981135234
882.8553467311431	-281.75570861110464
885.2216797391884	-282.7950152531266
887.1028442898532	-284.53341857297346
888.996521046618	-286.2809161306359
891.4705200708704	-288.5652484060265
893.2901001476566	-290.28244200954214
895.6007080588024	-292.48163024522364
897.8250732938759	-294.59646788984537
899.4539185069152	-296.1445941105485
901.041809133545	-297.6538714519702
902.9222412608797	-299.439149776008
904.7752075698809	-301.19839660078287
906.7808228046633	-303.10342589672655
908.6760254411492	-304.9043292202987
910.5356445819489	-306.67285338928923
912.3569336446817	-308.40646544704214
913.7174683117191	-310.13174620922655
915.5048218286829	-311.4017962599173
917.2289429226657	-313.0407122736797
919.1776733912993	-314.8944110069424
920.8301392118447	-316.46570006757975
922.1004639178282	-318.0645159846172
924.0264282742282	-319.8745440589264
925.4706421415322	-321.75271788891405
926.6188354993938	-324.12295714672655
927.4477539559011	-326.37463561305776
928.0048218279844	-328.32290832232684
928.2127075706376	-330.59124938212335
927.8755493673962	-333.35449401428923
926.7525024930947	-335.87890807632357
925.6538696793141	-337.93872252712026
924.0917969253496	-340.35547057306394
922.2707520041731	-342.48037902265787
920.6025391136645	-344.4353961129673
919.1096191915567	-346.18469420913607
917.323913624743	-348.2777117844671
915.9479980986798	-349.8902606125921
914.376892141474	-351.71933165658265
912.6107178241946	-353.73764220206067
910.9338989775279	-355.6562213082798
908.9891357928282	-357.88104430865496
907.4379883310758	-359.6549700880423
905.9595947776688	-361.34567443234846
904.1755981944152	-363.3852862478234
902.7235718290322	-365.0450457697734
901.0128784681438	-367.0003985534422
898.9323730983306	-369.3778399587609
897.344543508254	-371.1922930884175
895.3816528825555	-373.4349078335799
893.2155151875922	-375.91028014570475
891.1767578638392	-378.2396563645452
888.9772949716426	-380.75152770616114
888.1616211438086	-382.97772399149835
886.2092896010727	-383.91501037217677
884.8440552264801	-385.47668639663607
884.0241089378251	-387.3481158418581
882.0944214374758	-388.61938659101725
880.4230347183766	-390.52893248805776
878.3583984886063	-392.90051452210173
877.304321339645	-395.0672930870205
875.3732910669642	-396.46264830976725
873.7520142104477	-398.39718810655177
872.2653809092008	-400.17090026056394
871.060791066906	-402.5538653517142
869.2452393091517	-403.7727984553203
867.3159180189832	-406.0748614468612
865.4219971201965	-408.33426085906103
863.337585499743	-410.8177508492954
861.7977295432938	-412.65313902916387
859.5687256356468	-415.3116168146953
858.0509033700218	-417.1211871285923
856.4019775893539	-419.0864886417985
854.4243774928618	-421.4445513840765
852.7635498542804	-423.42508117016405
850.9862061047461	-425.5453509455547
849.2299194852822	-427.64367858460173
847.5022583507234	-429.71075621945783
846.1553345244611	-431.3217791672796
844.562255909259	-433.2280902029015
842.8349609875586	-435.2938861059956
841.3279419449391	-437.09646788751706
839.763000539504	-438.9681414705701
838.3062744647032	-440.71035948814824
837.3507690930855	-442.54745666030794
835.9452515157172	-444.23196593672037
834.4315796410083	-446.0215777559206
832.5301514187595	-447.6170367398299
831.0074463394703	-449.4388751136139
829.5715332527179	-451.15704528288916
827.966003469599	-453.07806578837335
826.4479980965843	-454.8929461594671
824.8116455592681	-456.84939757734537
823.4288940932602	-458.50345031451434
822.4791870614281	-460.4767169118859
820.5354004420806	-461.9646929902956
818.9910278836032	-463.8114337096922
817.0476685083704	-466.13510314561427
815.7531128426781	-467.6828631530516
814.1910400898196	-469.55038634780794
811.7249146004906	-472.49914733087644
809.908874561952	-474.66958800749853
807.8698730977485	-477.1038836617954
806.0794067896204	-479.24203673703596
804.075195364072	-481.6373309288174
802.3094482937013	-483.7489947467111
800.3095703625586	-486.1387042189017
798.6672974139219	-488.10083190118894
796.8210449719336	-490.30664244899526
795.2476196791395	-492.18646422959864
793.2517700700555	-494.570985710714
791.4676514168968	-496.7027300996706
789.9089966316824	-498.56561461649835
788.2211304217926	-500.5845355158672
786.6583862814587	-502.45388976531103
785.0004883312504	-504.43829528428614
783.5383911649697	-506.1884783874266
782.0040283708367	-508.02383605157956
780.6058960459195	-509.6963824406266
779.0120239758398	-511.60339537868276
777.1503906765138	-513.8303851243109
775.6268921394949	-515.6527117863297
773.8678589366609	-517.7568377638236
772.925720265659	-519.7189959692769
771.1406250512227	-521.0178240900859
769.5855103055947	-522.8771990924142
768.5198975114617	-525.2224139315076
766.9763794453465	-527.2524432335049
764.3546143075218	-529.138124383986
762.449401905993	-531.4172381507233
760.3941650897032	-533.8778094416484
759.423034719599	-535.7140521220863
757.1289063007571	-537.7879046574235
756.3883667506743	-539.779237665236
754.8868408704875	-541.3980120802298
752.5946655770531	-543.217225947883
751.28472905542	-544.7858904977329
749.9011230965843	-546.4429339547642
748.3529663594672	-548.2978533888236
746.3264771008398	-550.7277239924297
744.3438110857387	-553.1050433330238
742.4077759304782	-555.4251727252267
740.7172852080548	-557.4511126647703
739.3883057156345	-559.0420550503768
737.5593262233306	-561.2289446946234
735.8638916531345	-563.451356808655
734.2286987806438	-565.664003291633
732.852722219599	-568.4915179391392
731.9067383316578	-570.9357318063267
730.9843750507571	-573.4309710632078
730.4523315943079	-576.0811175485142
730.1066895045806	-578.2166155953892
730.002258350607	-580.8759783892892
730.0276489764219	-583.5920428414829
730.2678833504906	-586.280458368361
730.5924683130579	-588.8417376657017
730.9379272977822	-591.4880389343016
731.8270264182938	-594.0938128610142
732.5542603038484	-596.6081561259925
733.6085205595009	-599.2492694035172
734.5479126482969	-601.4436663761735
735.4251709493692	-603.2754534850828
736.4880981955212	-605.2599505563267
737.4215698755579	-607.4456195007078
738.9974976092344	-608.9469622722827
740.405578664504	-610.736757196486
742.0617065935512	-612.8585833678953
743.4131470243447	-614.4736346402206
745.1311646018876	-616.3762835599482
746.8021240751259	-618.2374896192923
748.6539307138883	-620.151063838508
750.4864502456039	-621.9751605163328
752.1508789565414	-623.461854852736
754.1516113785328	-625.2404193039984
756.0897217297461	-626.9633807316422
758.3715210465016	-628.9918231144547
759.8837280786829	-630.3374041672796
761.2525635279017	-632.1355609088205
763.0151367693907	-633.1250018244609
764.6572266123258	-634.5868548532017
766.6318970229477	-636.3446063138545
768.2149048355641	-637.7542132539675
770.1217041530181	-639.4524554419331
772.2397461454384	-641.3386248690076
773.3709717306774	-643.5833758492954
775.5892944848165	-644.3222674527206
777.7023926281836	-646.1876238971017
780.0533447773196	-647.9876727247611
782.3294067901443	-649.6441668639891
784.8239136252087	-651.4803485050797
786.9561157739954	-653.0508441091515
789.3157959480886	-654.8591326875612
790.9730225128005	-656.1378192058764
793.2957153838361	-657.9248675471172
795.3446045424789	-659.5615862971172
797.3681030784501	-661.1909197936766
799.5682983909501	-662.9602679396048
801.2778931175126	-664.3352069035172
803.3798218288575	-666.025575554464
805.7341309104813	-667.8800067077391
807.5263672380242	-669.2276019216515
809.5993042506161	-670.7883929410018
810.9971924346173	-672.4620989956893
813.5500488792313	-673.767274774611
815.5156860869611	-675.2490862961859
817.5900269056438	-676.8471697960049
819.4223022958613	-678.2908343472518
821.3370972195407	-679.796815790236
823.0809326673043	-681.168092648033
825.1182861833367	-682.7700213547796
826.9360352066578	-684.1992816086859
829.0663452665322	-685.8741473327391
831.0402222182602	-687.4260272164829
833.3360596203711	-689.2307757516392
835.3872070829384	-690.8433245806955
837.8115234875586	-692.7517718435265
840.0656128447736	-694.3662127614953
842.5355835459777	-695.907899776008
845.3298340347828	-697.6518572936766
847.4140625504078	-698.8992938171141
849.8329468274023	-700.0745257521048
852.7765503448318	-701.1694964529015
855.0314331563422	-702.0005511390045
857.6428223162657	-702.8004168677144
860.5361938985297	-703.3049945016392
862.7269287624513	-703.5174578777514
865.4691162614617	-703.788453976158
868.1498413585359	-703.8807391300797
870.8798828627914	-703.641298212111
873.5236206553527	-703.3341693081893
875.7573853055947	-703.0272235022858
878.6361084502423	-702.3137835636735
880.9182739763055	-701.6504534841515
883.6196289565996	-700.863466182258
885.8060913585941	-700.0312518267892
888.2355957534164	-698.9435443039984
890.0712280785083	-698.1265277061611
892.526489308977	-696.8106707697734
894.216430715227	-695.6408099276014
896.1926270030672	-694.2121600275859
897.652404836379	-692.663270868361
899.2908325712197	-690.9819964561611
901.9578247574391	-689.6556414724328
903.9810791513883	-687.8942278991453
905.7385254404508	-686.1687640338205
907.2321777840843	-684.5358904954046
909.0253906757571	-682.5845965524204
910.5994873549789	-680.8368548536673
911.9584351089434	-679.1838397146203
913.4974365737289	-677.3117694025859
914.922180225607	-675.5825213571079
916.4027100113453	-673.8078021164984
917.8192139190505	-672.1394671564922
919.9285889172461	-669.6528338575736
921.4329224150279	-667.8781756511889
923.0635376489954	-665.9529437171295
924.7770996598992	-663.9298724327236
926.6083374533337	-661.7664813175797
928.1929321791395	-659.8931903033517
929.8471680192742	-657.9361590528861
931.9007568858797	-655.5054949899204
934.0972900908673	-652.9039324889891
935.6974487813422	-651.0079974313267
937.172546437243	-649.2593402029015
939.0057983915904	-647.0851458674297
941.3308105978649	-644.3261736989953
942.5291748562595	-641.7977923550643
944.9002075709868	-640.0903948941268
945.7593384301872	-637.6032733074389
948.3405151871266	-636.0231951829046
950.5036621592008	-633.4670428391546
951.8281860857387	-631.903505243361
954.3331909680273	-628.9292010432109
957.0560303240782	-625.6984271164984
959.0996704604477	-623.2783831716515
961.4033813975984	-620.5496234097518
963.7872925306438	-617.7252825847827
964.9393311057938	-614.9897479186766
967.0796509288484	-613.8243426438421
969.5023193866946	-610.9557513352484
971.3575439949636	-608.7105731139891
972.7585449721664	-606.9907244830392
974.710266163107	-604.5957049508579
976.8585205584532	-601.9613055377267
978.6467896010727	-599.7651995816268
980.6632690927945	-597.334901729133
982.8775024916977	-594.7008685250767
984.9471436046297	-592.2389544625767
986.9249878429109	-589.8846453786828
988.7657471202547	-587.6933612013236
990.5887451675953	-585.5230731130578
992.2507324729231	-583.5443743835203
994.2786865740782	-581.1326922569424
995.8853760262718	-579.2228411827236
997.915588429838	-576.8002947955392
999.9770508309011	-574.4105242858641
1001.5730591330212	-572.5788592481986
1003.4234009294887	-570.4542254600674
1005.151855520031	-568.4677752642892
1006.1774902844336	-565.9693621778861
1008.2623901882907	-564.8900164747611
1009.3936157739954	-562.6344012394547
1011.3084106950555	-561.3892840528861
1013.1083374532172	-559.3226946955547
1014.5086670422461	-557.667116085533
1016.5314941912657	-555.2363299513236
1017.5451050320407	-553.1723040705547
1019.9908447763883	-551.0823382497765
1021.5914917492773	-549.1604022169486
1023.4996338390047	-546.9088153010234
1025.1175537617528	-545.0011004554108
1027.306640676572	-542.418641962111
1028.8809814949054	-540.5612811259925
1030.414794972865	-538.7518328777514
1032.2507324715843	-536.5858782907017
1032.9882813008735	-534.5894793644547
1034.846069387393	-533.5232562194578
1036.4854736840352	-531.5880145225674
1037.8404541523196	-529.9885272146203
1039.7294922379078	-527.757936398033
1041.0462646989617	-526.2026385455392
1041.8760986841517	-524.1687640310265
1044.3338623556774	-522.317506710533
1045.6418457544642	-520.7713641314767
1047.2401123559102	-518.8823260436766
1048.566162160132	-517.3153094411828
1050.10852055758	-515.4938983088359
1051.6475830578129	-513.6777972346172
1053.5743408707785	-511.4045123215765
1054.9741211452056	-509.7518328791484
1056.4177246593172	-508.05304137570783
1058.3699951675953	-505.76346007501706
1059.7968750511063	-504.094911494758
1061.3325195818907	-502.2800311204046
1063.4179687998258	-499.8334979196079
1065.3355713401688	-497.57861510524526
1066.6972656761645	-495.9776324406266
1067.9943848167895	-494.45257750852033
1069.241821339354	-492.09127990109846
1070.7008057140047	-490.665956415236
1072.3752441910328	-489.30179015686736
1074.2424316903343	-487.1038836585358
1076.0869141129078	-484.9323138347827
1077.372436573496	-482.8063983102329
1079.4758301281836	-480.94058410078287
1081.0002441920806	-479.1463946485892
1082.433715870604	-477.4521197434515
1084.187744191906	-475.6153277521953
1086.1071777842008	-473.9771136431955
1088.405029347632	-472.8227252145298
1090.5461426294642	-472.07144347578287
1092.6525879408582	-471.7207049508579
1095.1679688005242	-471.54690734203905
1097.7229004406836	-471.6394671583548
1099.9899902851903	-472.1380938673392
1102.3668213398778	-473.25207702210173
1104.1749268084532	-474.46234313584864
1105.8565674340352	-476.0973223806359
1107.6088867691578	-477.7897967454046
1109.5029297376168	-479.62314025033265
1111.1578369647032	-481.2247943067923
1112.7023926298134	-482.71975890453905
1114.1914062998258	-484.1605548034422
1115.5473633326474	-486.38263121945783
1117.8670654809102	-487.72024718439206
1119.6958008310176	-489.39264098508283
1121.2429199725157	-490.7752703768201
1122.9468994645867	-492.3043536315672
1124.2442627463024	-494.3276995783672
1126.3320312997093	-495.45526305772364
1127.9395752449636	-496.94973937328905
1129.357666066382	-498.9649981614202
1131.7331543485634	-500.4715594430454
1133.2988281763392	-501.9237078791484
1135.1391602061922	-503.6275653014891
1136.761352589354	-505.12747374922037
1138.4821777852485	-506.7169512892142
1140.144897510996	-508.2506732111797
1142.2152100124513	-510.1575945992954
1143.3594971207785	-512.1001605186611
1144.994018605561	-513.8052996769547
1147.193237356434	-514.7354144216515
1149.5384521991946	-516.8888568049297
1151.537719776854	-518.7237567082047
1153.9528809090843	-520.9388445992954
1156.4371338389465	-523.2153338561766
1158.3649902850157	-524.9825457711704
1160.86914067599	-527.2782611045986
1163.3874512221664	-529.5825213561766
1164.2385254408	-531.717958368361
1166.9718018093263	-532.8596820025705
1169.7733154793386	-535.4211444044486
1171.3439941919642	-536.8577288719825
1173.5562744645285	-538.8848284855485
1175.1678467306774	-540.3624285818078
1176.4306641125586	-542.6449603191577
1178.9589844263974	-543.8324603210203
1180.4622803230304	-545.2069110092707
1182.593872121768	-547.1558856125921
1185.5075684105977	-549.8180560241453
1186.7210693862871	-552.434999382589
1189.2886963404599	-553.172548209317
1192.077880910365	-555.6427630553953
1194.379394582822	-557.6827410846017
1196.7504883319489	-559.7846087608486
1199.4110107938177	-562.1431902996264
1201.5136719247093	-564.0074481102638
1203.880004932289	-566.1062640324235
1206.08728032402	-568.0634783878922
1208.6323242684593	-570.3201922550797
1211.1030273948563	-572.5106219402514
1213.447021533968	-574.588807976339
1215.79467778455	-576.6694964556955
1216.8437500497093	-578.5332659874111
1219.513183643925	-579.9658831744455
1221.623291065218	-581.8380755567923
1223.5867920434102	-583.5799578800797
1225.16552739474	-584.9793109078892
1227.2237549340352	-586.8022479200736
1229.4257813003496	-588.7539080749266
1231.863281300175	-590.9122943039984
1234.1330566909746	-592.9213275066577
1236.1873779805028	-594.7431658883579
1237.7058105975739	-596.0900286799297
1239.8045654793386	-597.9514178396203
1242.1612549325218	-600.0411395193078
1244.3057861827547	-601.9401263361797
1245.8587646981468	-603.3138445997611
1248.0769043477485	-605.2763079800643
1251.0136719264556	-607.8757342472672
1253.2226563006407	-609.8307513375767
1255.6896973170806	-612.0148944035172
1258.2679443871602	-614.3000506539829
1260.3543701675371	-616.1477069016546
1261.6357422381407	-618.1555194044486
1264.3459473159164	-619.6817034860142
1266.2177734891884	-621.3394793653861
1267.7504883310758	-622.696901241783
1269.958129933686	-624.6521014347672
1271.58837895724	-626.0953387394547
1274.3221436043386	-628.5173968430609
1276.354736379697	-630.3193377638236
1278.0489502460696	-631.8197650080547
1279.5568848162075	-633.1553973318078
1281.4993896996602	-634.8761614942923
1282.6701660655672	-636.706727902405
1284.954589893343	-637.936708369758
1286.4846191917313	-639.2916278014891
1288.6601562994765	-641.2180194044486
1289.683227589121	-643.2318133492954
1292.4191895035328	-644.5468768267892
1294.6623535656836	-646.533388055861
1296.9973145031836	-648.6014422550797
1298.2121582544642	-650.5113543658517
1300.0523682137718	-651.3073138338514
1301.6181641135481	-652.6942767300643
1303.6668701671297	-654.5094012380578
1306.2354736843845	-656.7849749680609
1308.3917236832203	-658.695253288839
1310.2489014187595	-660.3405169616453
1311.8399658715352	-661.7501849317923
1314.0742188014556	-663.7297381563112
1316.5870361843845	-665.9563616891392
1318.8681641133153	-667.9777850261889
1320.8911133325892	-669.7705706725828
1322.573852589121	-671.2617816086859
1324.8957520036492	-673.3198260432109
1326.9083252466517	-675.1035784860142
1328.7164307140047	-676.7061175485142
1329.5429688011063	-678.7539691105485
1331.780639699893	-679.4223651061766
1333.802978566615	-681.2153338575736
1335.864990285947	-683.0435198899359
1337.5661621605977	-684.5518817072734
1339.8967285655672	-686.6193865900859
1342.6326904798625	-689.0523089570925
1345.1496582540567	-691.294862666633
1346.6666260281345	-692.6430682321079
1349.0201416526106	-694.7344988933764
1351.6221924324636	-697.047059929464
1354.0488281768048	-699.2019061199389
1356.3577881358797	-701.3003558302298
1358.489135793876	-703.2511614938267
1360.034423879406	-704.6612567072734
1362.0504150888883	-706.4964617844671
1363.6323242699727	-707.9361590533517
1365.5479736840352	-709.6809100303799
1368.029663136811	-711.9400042686611
1369.753295949311	-713.509279165417
1371.9681396997767	-715.5260028019547
1373.74121098849	-717.1426409864798
1376.10595708224	-719.2626361004077
1378.1848145029508	-721.1209124703892
1380.2012939965352	-722.9243182293139
1381.7459717309102	-724.3060931358486
1383.6518555191578	-726.0111712580547
1385.9929199728067	-728.1058367867954
1387.0533447772032	-730.2088030916639
1389.335327197914	-731.0961932311766
1390.906738332007	-732.5023211594671
1392.565551807871	-733.9865740924142
1394.0056152857142	-736.7363909855485
1396.471435597865	-737.4821795588359
1397.7348633309593	-739.7628802442923
1399.8587646991946	-740.5144671569578
1402.559814503591	-742.9311541714706
1404.7312012226903	-744.8737811213359
1406.9079590341426	-746.8212908888236
1409.3483887219336	-749.0054949885234
1411.7888184094918	-751.1890277038328
1412.5941162619274	-753.0482806349173
1415.0743408716517	-754.1289080735296
1417.4645996588515	-756.2520770207047
1419.3696289566578	-757.9446429368109
1421.4300537608797	-759.779481804464
1423.70666508883	-761.8060931344517
1424.470459033968	-763.9108294611797
1426.8607178245438	-764.6160296574235
1428.5689697767375	-766.1411151047796
1429.8276367685758	-768.3683489938267
1432.8247070820653	-769.9405535808764
1434.8519287609379	-771.7498187180609
1436.8730469252914	-773.5512713552453
1438.455810597341	-774.9598406921141
1440.438842823729	-776.7257098290138
1442.5045166528434	-778.5652484069578
1444.1298828641302	-780.0130023141392
1446.182373097632	-781.8432635455392
1448.6206055187504	-784.0164202814922
1450.6481934105977	-785.8234881535172
1453.0280762232142	-787.9453753610142
1454.6016846208367	-789.3479632502422
1456.3104248545133	-790.871522821486
1458.6932373543968	-792.9959735041484
1461.1749268094427	-795.2080706721172
1463.0938721210114	-796.9189471374266
1464.5686035661492	-799.7293109074235
1467.0603027852485	-800.4550189147703
1469.6428223166731	-802.7572650085203
1472.2977295420715	-805.1231097346172
1473.1964111829875	-807.1535662775859
1476.02978520724	-808.4489764356986
1478.2794189957785	-810.4549578796141
1480.517822315509	-812.4510516314767
1481.8729248560267	-814.9124163766392
1484.1267090352485	-815.6682757507078
1485.953247120371	-817.2962054405361
1488.1960449735052	-819.2954730167985
1490.5451660668477	-821.3901385460049
1493.4027100125095	-823.9435443053953
1496.1441650892375	-826.3951434255578
1498.2979736834532	-828.3200091491453
1499.819091846235	-829.6771258497611
1501.9932861839188	-831.6201190142892
1504.6513672391302	-833.9957904019393
1507.2149658715934	-836.2867449885234
1509.4494629411492	-838.2829608102329
1511.5316162607633	-840.1414813157171
1513.0841064958367	-841.526857290417
1515.1170654807938	-843.3407611022703
1517.7623291522614	-845.7019061208703
1519.1309814949054	-847.7268084650859
1521.930786183104	-849.4241351247765
1524.1456299343845	-851.4030779981986
1526.4924316916731	-853.5007952833548
1528.3315430195653	-855.1446551466361
1529.2073975125095	-857.1452044602484
1531.9013672388392	-858.3347796564922
1534.4962158716517	-860.6533221402206
1536.7487793480977	-862.665956413839
1539.5264893082203	-865.1467913757078
1542.20678715955	-867.539735712111
1544.4664307138883	-869.5577410818078
1545.7597656762227	-871.8756121755578
1548.8690186042804	-873.3505877614953
1550.9852295429446	-875.1221942100674
1553.1932373541058	-876.9738787799142
1555.737793019507	-879.1032733088359
1557.4124756373349	-880.5020770179108
1559.2642822767375	-882.0511492844671
1561.7789307154017	-884.1544207697734
1564.3944092302117	-886.3430804372765
1566.3469238776015	-887.9769915724173
1568.6835937997093	-889.9323748704046
1569.7550049327547	-891.762819210533
1571.7967529809684	-892.5391253591515
1574.103759815509	-894.4744280958548
1576.0554199719336	-896.0969866891392
1578.0391846212442	-897.712343135383
1580.227294971468	-899.4954852224328
1582.166748098447	-901.077333368361
1584.3399658701965	-902.8577288771048
1586.4086914570653	-904.5457781921141
1588.1470947773196	-905.963014523033
1590.073486377718	-907.4681414728984
1591.8039551278343	-908.8225726257078
1593.63024907402	-910.2521990919486
1595.5290527838515	-911.7399920597672
1597.196167043876	-913.0465716477484
1598.4764404806774	-914.5979632507078
1600.872314504115	-915.9296282893047
1602.518432666955	-917.221376334317
1604.140747121186	-918.4943865905516
1605.9696045417804	-919.9286517268047
1607.9196777840843	-921.4569720420986
1609.5291748548625	-922.7184466519393
1611.1062012229813	-923.9548968481831
1612.954834035656	-925.4008807344362
1614.7891846200218	-926.8255633492954
1616.0941162606468	-928.5173968467861
1617.1107178248349	-930.4056414738297
1618.197631886229	-932.1614398127422
1618.684082081425	-934.2291278014891
1618.536010792479	-936.8645648141392
1617.7825928249513	-939.1966570955701
1616.6661377467099	-941.0905779968016
1615.2775879401015	-942.9910296588205
1613.6052246604813	-945.1737078772858
1612.2363281761063	-946.957399288658
1611.1134033715352	-948.9469622778706
1609.4649658711278	-950.5690325889736
1607.886962940218	-952.6278704758734
1606.5087891128496	-954.4254779028706
1605.2158203641884	-956.1117571946234
1603.6652832543477	-958.1343402015045
1602.394165089645	-959.7932147183456
1600.7399902844336	-961.9521502624266
1599.0915527843172	-964.1035784855485
1597.5512695813668	-966.1141375643201
1595.8438721205457	-968.3430194030516
1594.9478760279017	-970.3989276061766
1593.1732178245438	-971.8284320007078
1591.5739746590843	-973.9118670593016
1589.4154053228558	-976.726015008986
1588.183837940218	-978.3313006521203
1586.412719776854	-980.6395892258734
1584.3481445828802	-983.3296527038328
1582.4748535664985	-985.7697772164829
1581.1746826668968	-987.4630145197734
1580.012817432871	-990.0546282907017
1577.8400879409746	-991.8055438152514
1575.257934620895	-995.1655291700736
1573.2426758307265	-997.7860736036673
1571.0051270028343	-1000.6971453814767
1568.5537109879078	-1003.8332537813112
1567.739990285947	-1006.2950457688421
1565.801147512393	-1007.3430804386735
1564.4254150902852	-1009.0987567077391
1562.5263672369765	-1011.526552118361
1561.2292480982142	-1013.128847041633
1558.8657227064832	-1015.8975237966515
1558.068359426572	-1018.0682391296141
1555.756713917479	-1019.5261248727329
1553.8629150888883	-1021.7398089524359
1552.5461426291731	-1023.2784442082047
1550.6358643074054	-1025.512330927886
1549.2829590360634	-1027.0955828791484
1547.3695068861707	-1029.337282101158
1546.004150441906	-1030.9376238961704
1543.4298096201383	-1033.9563006558456
1541.3859863784164	-1036.3538836603984
1539.9583740747184	-1038.0288104191422
1537.4118652858306	-1040.935060421005
1535.3930664568907	-1043.2127703791484
1534.0533447767375	-1044.7259539724328
1532.1696777847246	-1046.8519305349328
1529.8572998556774	-1049.450685418211
1527.7410889167804	-1051.8244647155516
1525.351318408968	-1054.5108660836704
1523.5430908716517	-1056.5439471388236
1521.48522954277	-1058.85669128038
1519.5158691901597	-1061.0704363943078
1518.1810303244274	-1062.5706805391237
1516.4431152838515	-1064.5230731172487
1514.4312744642375	-1066.7824725280516
1513.425170947914	-1069.2282733111642
1511.5269775899942	-1070.0441912780516
1509.8680420437595	-1071.906984247733
1507.8996582542313	-1074.1168231107295
1506.9613037615782	-1075.9381121769547
1505.1430664567742	-1077.2098406925797
1503.5963135270285	-1078.9456805367954
1501.7023926293477	-1081.0715350280516
1499.923095754115	-1083.069215690717
1498.2413330578129	-1084.9567889356986
1497.0621338395867	-1087.404664913658
1494.1032715354231	-1089.6003436236642
1492.328979542246	-1091.59204284288
1490.2880859874422	-1093.881349480711
1487.9061279800953	-1096.5538348308764
1486.0424805196235	-1098.6617449908517
1484.1240234889556	-1101.0332049503922
1483.208740285947	-1103.1035174513236
1481.0175781750004	-1104.9510516314767
1479.4368896981468	-1106.93921081163
1477.6322021989617	-1109.208253778983
1475.682251027727	-1111.661378777586
1474.3353271980886	-1113.352662959136
1472.9344482921879	-1115.110353388358
1471.6717529793968	-1116.695802608505
1470.164672903251	-1118.5892352256924
1468.5681152847828	-1120.5949725285172
1467.5775146982633	-1122.4534930377267
1465.6822510266793	-1124.222536004614
1464.0562744655763	-1126.2685565114953
1462.6614990746602	-1128.0233172569424
